0	0	0.013153961786190655	0.01817132530181537	0.17388418434377798	0.02392148893926525	0.007012594461817662	0.17380894012179493	0.17858183434514538	0.040605796536958616	0.01570736673618694	0.03201941086614131	0.028976818705716854	0.008975657928607743	0.01564557138156772	0.023932574185549397	0.24560247435946422
1	1	0.27142464749736384	7.880171565200792E-4	0.0017778008046738744	0.11629449057407558	0.006066963563931979	0.29568017334309304	0.007744374555483984	0.0017609097737131098	6.811652021127783E-4	0.00715140842578177	0.08769944185770845	3.8923811672073066E-4	0.07559560818075879	0.0010378593055080242	0.125907901642554
2	2	0.24881155183102163	5.756896951784365E-4	0.0012987808639222229	0.04285867853948037	0.03811290252247032	0.18232990869003515	0.02670809813006117	0.001286441040627012	4.976284898442709E-4	0.0010144138952528944	0.04722891920384504	2.843597641405875E-4	4.956707378216032E-4	7.582130697059182E-4	0.4077387435265934
3	3	0.07136987873427277	8.066106800160331E-4	0.04311157308292011	0.012859520009730506	3.112834916316377E-4	0.2908591799596354	0.013825937684655792	0.013600123156361074	6.972375186674591E-4	0.0014213161859950184	0.007185090008747798	3.984223178626551E-4	6.944944720165766E-4	0.2842062872598338	0.25865304543765344
4	4	0.07229427529782001	8.906736264288461E-4	0.0020093982430021535	0.0011725198327160184	3.437246780980797E-4	0.28209023426945096	0.002239655139123725	0.03455827470992996	7.699018679264848E-4	0.1057869395589941	0.15774655455863615	0.0069535384795428755	0.1961746804924588	0.001173063179794108	0.1357965660660778
5	5	0.1433250758658266	3.835375104736563E-4	8.652772203003508E-4	0.13513778809492474	1.4801303576785326E-4	0.2112275692986079	0.1075487953037472	0.0036619078871238902	3.315313679124993E-4	0.028724342871928807	6.11606293060354E-4	1.8944691372937075E-4	0.0031350788057027262	5.051387155253169E-4	0.3642048908153688
6	6	0.0034720302420869612	0.03202507878988927	0.13366552990017058	0.013205939817297362	1.6671778220488386E-4	0.14946027742291307	0.001086306458310024	0.03887705161853759	0.03196650051194337	7.612311243970577E-4	0.032281969147051184	2.1338775425198308E-4	3.7195862048852545E-4	0.2438356345467284	0.31861038626372973
7	7	0.0012605483269864653	0.0017413638628916562	0.04213294503340981	0.04049675667207977	6.720191498472308E-4	0.3859649096039624	0.1826657492748813	0.0038912663517353253	0.0015052419326206123	0.003068430291532372	0.0027768577204799303	8.60140144042935E-4	0.1543167312856212	0.002293466169389744	0.17635357418051928
8	8	0.0012934930365324352	0.0017868747928961905	0.04323409887791203	0.0023523163492014413	6.895825190787575E-4	0.22617324918543413	0.004493209627107224	0.01706057613329288	0.0015445817637123344	0.003148624396393276	0.0028494315116572976	8.826200970980212E-4	0.0015385051259518441	0.19836756652733026	0.4945852700564019
9	9	3.059566872184087E-4	0.003513609300912027	0.529506062090649	0.02528400924283208	0.012526912331438418	0.1771359616601399	0.0010628024223253063	9.444770474668097E-4	3.6534801983183516E-4	7.447606306393843E-4	0.031583495379648344	2.0877075744020002E-4	3.639106808542632E-4	5.566635537976595E-4	0.2158972601948064
10	10	5.737407032664449E-4	7.925847077412045E-4	0.2742122596395251	0.0010433914975793133	3.058706527845865E-4	0.12350625406436155	0.268620899992984	0.019159892264792665	6.851134117741488E-4	0.012989118439264253	0.0012638914885776675	3.914942415025659E-4	6.824180633464948E-4	0.05900646101529504	0.236766609817205
11	11	0.0016629067403206876	0.0022971953101362506	0.13957969520211616	0.003024123518237078	8.865230709377928E-4	0.1395701829254394	0.005776442828498402	0.05553225317560509	0.0019857048730151784	0.0376471330698763	0.02046285212920091	0.001134691001152518	0.3715699815208474	0.0030255249006543032	0.21584478973396257
12	12	0.013153961786190655	0.01817132530181537	0.040995296201695	0.02392148893926525	0.007012594461817662	0.17380894012179493	0.045692946203062405	0.040605796536958616	0.01570736673618694	0.03201941086614131	0.16186570684779986	0.008975657928607743	0.1485344595236507	0.023932574185549397	0.24560247435946422
13	13	0.002274198106385287	0.0031416537666457077	0.16791450859451237	0.004135803777741423	0.0012124126027685668	0.16790149956575498	0.007899887001288203	0.007020365962258169	0.0027156581620327532	0.005535859442422711	0.027985080843737745	0.0015518080861563145	0.002704974317823477	0.27984080902732866	0.3181654807431437
14	14	0.013153961786190655	0.01817132530181537	0.040995296201695	0.02392148893926525	0.007012594461817662	0.17380894012179493	0.045692946203062405	0.040605796536958616	0.01570736673618694	0.03201941086614131	0.028976818705716854	0.008975657928607743	0.1485344595236507	0.1568214623276324	0.24560247435946422
15	15	0.013153961786190655	0.15106021344389836	0.040995296201695	0.02392148893926525	0.007012594461817662	0.3066978282638779	0.045692946203062405	0.040605796536958616	0.01570736673618694	0.03201941086614131	0.028976818705716854	0.008975657928607743	0.01564557138156772	0.023932574185549397	0.24560247435946422
16	16	0.001093450111627742	0.001510528767124247	0.003407818263165055	0.2008284386107233	0.011629598310884474	0.18014815514072052	0.0037983200756133645	0.1027953981387594	0.13386565092778546	0.002661679344590524	0.013455419598925749	7.461200149047105E-4	0.0013005702807814944	0.17873603613108488	0.16402281628330914
17	17	6.89668037855565E-4	9.527306274596884E-4	0.11362817298633099	0.0012542142517584735	3.676734311206466E-4	0.2669075386609697	0.002395701391256055	0.023031249532329268	8.23544189416486E-4	0.015613638315147988	0.03635638351108151	4.705977174560665E-4	0.1262339221282144	0.0012547954561270278	0.41002016976347616
18	18	4.657551999270592E-4	0.3817748914522229	0.048504829905718146	8.470115729815406E-4	2.4830179596539183E-4	0.024975530996238293	0.01573387566819904	0.04378571157711777	0.07113607009922972	0.005839069553542453	0.0810165684385844	3.1780990556049357E-4	0.005259304992365356	0.09024861580106937	0.22984665304127813
19	19	0.0012605483269864653	0.0017413638628916562	0.029398160764958207	0.002292403866724977	6.720191498472308E-4	0.2840866354563496	0.004378769516558944	0.0038912663517353253	0.0015052419326206123	0.3469076055397255	0.0027768577204799303	8.60140144042935E-4	0.014234104332653635	0.002293466169389744	0.30370141686503527
20	20	0.1999519453175147	0.0010893499452487901	0.12992218414497972	0.08109941781387511	4.203969312172218E-4	0.4485790821645452	0.010705774523054611	0.010400805781468717	9.416384776490951E-4	0.0019195266660294115	0.01767019722452386	5.380803166912596E-4	9.379339175769494E-4	0.025334335817429436	0.07048933095819601
21	21	0.008230548393978134	0.0010240828109884495	0.002310375136333162	0.053772751972144386	3.952093383118739E-4	0.11464457759798974	0.0025751209673903837	0.30185760542292256	0.12071289384402059	0.009293749993391756	0.06903611465738237	5.05841860696924E-4	8.817386984071893E-4	0.0762410653054822	0.2385183240005603
22	22	0.0013839153730363465	0.0019117872502888936	0.046256402150345544	0.002516756307116755	0.02870000641844493	0.25596512270809013	0.00480730989777746	0.032234314145422716	0.0016525565946945027	0.003368730702847256	0.0030486225762513773	9.443201365809248E-4	0.015627164294807826	0.26815899601745846	0.333423995426837
23	23	3.9353793820011873E-4	5.436465461795299E-4	0.0012264901331897767	0.02059441201706534	2.098015799950488E-4	0.18808432990843196	0.0013670336079218324	0.0051905837653374	0.3980445917921703	9.579511587050834E-4	8.6692341626065E-4	2.6853217096328296E-4	4.680814802068866E-4	0.048424969970584694	0.3333591145147881
24	24	0.027909769262344834	6.257439224802897E-4	0.02429237387570997	8.237553437519102E-4	2.4148422266497848E-4	0.41326114743485953	0.2441085588461413	0.06546416446370217	5.408955654079957E-4	0.028559415884732976	0.019302374419721626	0.0048852175636463525	0.06918077312067221	8.241370729530714E-4	0.09998018900121083
25	25	0.013153961786190655	0.01817132530181537	0.040995296201695	0.02392148893926525	0.007012594461817662	0.3066978282638779	0.045692946203062405	0.040605796536958616	0.01570736673618694	0.1649082990082243	0.028976818705716854	0.008975657928607743	0.01564557138156772	0.023932574185549397	0.24560247435946422
26	26	0.03410119919822094	9.145003611722392E-4	0.0020631523876284146	0.001203886338028977	3.529197822156657E-4	0.028810730005982558	0.14943207317807017	0.06892196121164251	7.904977933487728E-4	0.29587643533847363	0.09508807911899256	4.5171402091680266E-4	7.873878454952502E-4	0.03464364972224322	0.28656181369756833
27	27	0.0012605483269864653	0.30737618630573	0.0930720821072162	0.002292403866724977	6.720191498472308E-4	0.271351851187898	0.10625704366417171	0.0038912663517353253	0.0015052419326206123	0.003068430291532372	0.0027768577204799303	8.60140144042935E-4	0.0014993200642020366	0.05323260324319613	0.1508840056436161
28	28	3.8436901532979306E-4	5.309802876901024E-4	0.0011979145059354762	0.012348355198177705	0.24095816018936317	0.21865026122996162	0.047932586089981445	0.024485234317038876	4.5898149804193236E-4	0.11354602173270072	0.0280285434038942	2.6227572012394503E-4	0.004340292672097104	6.993284702760893E-4	0.3061766956693878
29	29	0.0017827017324848122	0.002462684142134229	0.023565800305637933	0.12931112810388795	9.503877614590591E-4	0.2756938991679168	0.006192574958219057	0.0775426479786236	0.002128754085538812	0.04035921421174349	0.29208516074936697	0.0012164335885723962	0.0021203792181391785	0.0032434822418437132	0.1413447517544321
30	30	0.001130929085630653	0.0015623034825791872	0.0035246242616588305	0.0020566813293777736	6.029169896880739E-4	0.2662999661484347	0.12960676835673834	0.04919232105844802	0.0013504614191041833	0.0027529107687763905	0.0024913199244462653	7.716939412725422E-4	0.024195740752786195	0.16201178028932153	0.35244958219173733
31	31	0.001998677347378576	0.002761040121821982	0.006229025992262006	0.0036347481341074063	0.0010655279318130342	0.2687108396862542	0.04732638634091278	0.2888548783812245	0.0023866541953575324	0.025056974239387794	0.08517003250792328	0.02155559361023099	0.0023772647066652116	0.0036364324806942645	0.23923592432396656
32	32	0.013153961786190655	0.01817132530181537	0.040995296201695	0.15681037708134823	0.007012594461817662	0.17380894012179493	0.045692946203062405	0.040605796536958616	0.01570736673618694	0.03201941086614131	0.028976818705716854	0.008975657928607743	0.01564557138156772	0.023932574185549397	0.3784913625015472
33	33	0.0010583755604302528	0.4933087353712348	0.024683143207698214	0.0019247371760651088	5.642375061016298E-4	0.024677089013007296	0.003676481529400927	0.0032671664525920872	0.06541773617965449	0.0025763007731766305	0.0771777228393072	7.221867559622523E-4	0.0012588519450164575	0.0019256291015503119	0.29776160658880235
34	34	8.422428621116813E-4	0.1543222959649267	0.00262491226348856	0.2142522295875558	4.4901359197731716E-4	0.29192003738704	0.0029257008963477736	0.011108794609593959	0.0010057363500943469	0.027576655506687378	0.018873017706762106	5.747077531472174E-4	0.0010017796184886387	0.0015323930620582012	0.27099048283972044
35	35	5.393522283492069E-4	0.006193925758656792	0.056169395638406984	0.09361124301549287	2.875375883683476E-4	0.3068132469583458	0.0018735490307060666	0.001664960504073773	6.440495561994515E-4	0.012210585608836437	0.13196045195877257	3.6802912942753523E-4	6.415157597085345E-4	9.813079456152893E-4	0.38604084931904037
36	36	0.016771968863473923	0.0020868457601298874	0.08101467006675117	0.002747210615612747	8.053459380143569E-4	0.019960704227203568	0.0510314990245706	0.004663283108545934	0.01706520902099078	0.003677198591628777	0.033850441099746754	0.04681478306762509	0.001796781124113841	0.12483913284205664	0.592874926649536
37	37	9.846762542104496E-4	0.0013602649014090563	0.00306881647980088	0.001790709332041768	5.249471877141026E-4	0.4606604155985942	0.08300259934408385	0.09256955256848992	0.0011758184562719084	0.2510910493954409	0.012116905955386368	6.718977424348505E-4	0.0011711925937900863	0.0017915391488654364	0.08801961504146624
38	38	8.875551542623263E-4	0.010192691238228586	0.0027661313781923574	0.2706118679000201	0.0184063557066821	0.32555839121199676	0.11068221460250506	0.038606220903060054	0.0010598445193315893	0.020093674641624572	0.0019551922998122064	6.05626775181499E-4	0.0010556749173216964	0.001614835128641599	0.19590372362313951
39	39	0.11997597150465598	8.162404102322004E-4	0.007810729025222917	0.257752512420776	3.1499975292029273E-4	0.06153064716897068	0.00205248811157321	0.0018239776941212523	7.055614962290061E-4	0.013376795262218896	0.007270869282537907	4.031788869587166E-4	7.027857016863924E-4	0.2159682229884067	0.3094950202934898
40	40	7.250291314785672E-4	0.0010015796317137601	0.0022596069901180053	0.0013185211141116093	3.86525014646213E-4	0.30989123523562256	0.3614269401769823	0.009562799603162099	8.657694653263066E-4	0.00176486795598764	0.001597164264326325	4.947264997575891E-4	8.623633863808729E-4	0.0013191321183562816	0.30652373941203
41	41	0.0014879299264209992	0.15237471621497914	0.004637243824520792	0.1981209264446575	7.932400390996106E-4	0.10985220029574881	0.005168625482343779	0.21504012065771066	0.12203215392951573	0.003621923221954146	0.06340545179490875	0.0010152948790921631	0.0017697720468543507	0.017739092654758416	0.1029413085874352
42	42	0.0012934930365324352	0.0017868747928961905	0.004031266855522283	0.0023523163492014413	6.895825190787575E-4	0.42218740929738297	0.2919806444579654	0.003992965459162963	0.01461219243784225	0.10768950978943262	0.015917042185787215	8.826200970980212E-4	0.0015385051259518441	0.015421017089511409	0.11562456050663433
43	43	0.011268738478832876	0.03216342530014271	0.0031632173159184293	0.0018457939092072326	5.410952544896638E-4	0.17747154030273413	0.00352569031173094	0.09541711390655334	0.0012119881803740536	0.0024706335672992933	0.02274341022519483	0.05196142763360199	0.0012072200202706816	0.20692209497954991	0.38808661061409994
44	44	0.0012768082040168086	0.06625908029857804	0.003979267339165783	0.028120075498716902	6.806875590661572E-4	0.2103567780333007	0.017334302386344747	0.1458310198825555	0.00152465812492467	0.003108010130042627	0.1318031855387263	8.712351355411467E-4	0.09181201616244353	0.028121151504077815	0.2689217242024993
45	45	8.796675337830662E-4	0.001215202322588386	0.07383680832333331	0.09935572445116715	4.689653030712036E-4	0.3493259061689617	0.011942610473581408	0.14490601994023874	0.001050425779216831	0.0021412891908637773	0.18856287234566732	6.002446261040369E-4	0.001046293232073946	0.019374299063014515	0.10529367124633464
46	46	4.657551999270592E-4	6.434099008689318E-4	0.001451560578390502	8.470115729815406E-4	2.4830179596539183E-4	0.22259926217101442	0.22747358764117345	0.06260701930804882	5.561661082382555E-4	0.04348168501540457	0.0010260105821274193	3.1780990556049357E-4	0.02878593965602918	0.014963384877345142	0.3945330956869249
47	47	5.873586333887826E-4	0.036414405558721344	0.0018305466857653921	0.0010681567485426528	3.1313059643575176E-4	0.20951140357662584	0.48268092487311515	0.0018131545118710507	7.013748108945177E-4	0.0014297500413901615	0.001293890381589229	4.00786490063156E-4	6.986154874580588E-4	0.0010686517336440289	0.2601878498704949
48	48	0.0010149661924698382	0.001402108441053598	0.11595471246591185	0.0018457939092072326	5.410952544896638E-4	0.1672177680163711	0.00352569031173094	0.003133163329285992	0.0012119881803740536	0.012724405853662331	0.0022358656524687536	6.925662017867955E-4	0.0012072200202706816	0.494027718997715	0.1932649371732022
49	49	4.863511713133821E-4	0.1628140381914114	0.0015157494487299569	8.844669274762283E-4	2.592818487606729E-4	0.08504075519105511	0.001689439141441691	0.0015013481891512968	5.807601036528242E-4	0.006097276674936574	0.0010713813790500736	0.462191396204172	5.784752982391172E-4	8.848767904971359E-4	0.2744044034401125
50	50	0.013153961786190655	0.01817132530181537	0.040995296201695	0.02392148893926525	0.007012594461817662	0.3066978282638779	0.17858183434514538	0.040605796536958616	0.01570736673618694	0.03201941086614131	0.028976818705716854	0.008975657928607743	0.01564557138156772	0.023932574185549397	0.24560247435946422
51	51	0.026021155283571757	8.680569458147713E-4	0.0019583740328538435	0.0011427462930227725	3.349965525164461E-4	0.2749271786410924	0.0021827840659671884	0.0019397673608719623	0.14675884444796902	0.1411898869016648	0.0013842429392092823	4.287734702216239E-4	7.473999107623625E-4	0.001143275843007333	0.3989725173114545
52	52	3.528549445115174E-4	0.018311163750817462	0.30053816198924643	0.011335924630977323	1.881128035740654E-4	0.17577011713877752	0.13668597026367574	0.0010892502439026645	0.007550837240954681	8.589205007669171E-4	0.007906790208928345	0.0038055155812051138	4.1969235667764667E-4	0.07550160701104501	0.25968508133493956
53	53	0.008988262117203284	0.4502160500181327	0.06555395589114461	7.70843125659875E-4	2.2597298385803105E-4	0.24540373101467633	0.0014724038943062124	0.005590671440348671	5.06152259232246E-4	0.0010317895686388758	9.337454520287223E-4	2.892305002463757E-4	5.041609733040631E-4	7.712003352765538E-4	0.2177418304259435
54	54	0.013153961786190655	0.01817132530181537	0.040995296201695	0.02392148893926525	0.007012594461817662	0.3066978282638779	0.045692946203062405	0.040605796536958616	0.01570736673618694	0.03201941086614131	0.028976818705716854	0.008975657928607743	0.01564557138156772	0.023932574185549397	0.3784913625015472
55	55	0.013153961786190655	0.01817132530181537	0.040995296201695	0.02392148893926525	0.13990148260390065	0.17380894012179493	0.045692946203062405	0.040605796536958616	0.01570736673618694	0.03201941086614131	0.028976818705716854	0.008975657928607743	0.1485344595236507	0.023932574185549397	0.24560247435946422
56	56	3.9197952692269166E-4	5.414937044169916E-4	0.01310164117351851	7.128448501001056E-4	2.0897076518267856E-4	0.18733951546391567	0.3379618452454976	0.03685005022522544	0.012348077282284578	0.09203421857744469	0.044423519527084926	2.6746878285515004E-4	4.6622787630570887E-4	0.004673177831415291	0.26867896916783
57	57	3.645507129387414E-4	0.15150254329863744	0.045330961205121464	0.008028765431408152	1.9434801105243566E-4	0.3031319453309538	0.03072954855696912	0.0342714635810146	0.07409333597440641	0.008253192357664252	0.004485968546270754	2.4875262298567187E-4	4.3360352524912015E-4	0.08168709249362217	0.2572439283517059
58	58	5.607399287274577E-4	7.746250004557914E-4	0.02440725671479436	0.001019748591404631	2.9893972497642207E-4	0.08105322211490666	0.018942595428186947	0.030055570041142822	6.695889685031691E-4	0.0013649547154549583	0.14852310188469828	3.8262311149887335E-4	0.47085509046536883	0.001020221144108701	0.22007172216577212
59	59	0.013153961786190655	0.01817132530181537	0.040995296201695	0.02392148893926525	0.007012594461817662	0.3066978282638779	0.045692946203062405	0.040605796536958616	0.01570736673618694	0.03201941086614131	0.028976818705716854	0.008975657928607743	0.01564557138156772	0.023932574185549397	0.3784913625015472
60	60	4.509036561070229E-4	0.0871733672728692	0.028737003208641546	0.05092817193960603	2.4038419246047928E-4	0.24283296435603258	0.12911437167345238	0.005947211107078176	5.38431630278561E-4	0.001097590950970609	9.932941656007274E-4	3.076758958068452E-4	5.363133520152405E-4	0.1465896019130161	0.30451271468606456
61	61	0.0021275547522358104	0.0029390757042404383	0.0711120276093022	0.0038691215848536365	0.0011342346066723205	0.43649414937477654	0.02888427353672832	0.22150550211492856	0.002540548869449243	0.06966024541534531	0.004686783293436722	0.0014517454125874143	0.0025305539338911784	0.003870914540374938	0.14719326925117748
62	62	0.01195471229766953	0.13630321631944678	0.25158776621990714	4.2204131082235327E-4	1.2372158632956756E-4	0.20469587876581766	0.017217846086966648	0.11325374255114098	2.7712144773841906E-4	5.649110792399049E-4	5.112313276599101E-4	1.5835546220807322E-4	2.760312065526616E-4	4.222368852652497E-4	0.26223118745323515
63	63	0.14604284992827363	0.01817132530181537	0.040995296201695	0.15681037708134823	0.007012594461817662	0.17380894012179493	0.045692946203062405	0.040605796536958616	0.01570736673618694	0.03201941086614131	0.028976818705716854	0.008975657928607743	0.01564557138156772	0.023932574185549397	0.24560247435946422
64	64	0.03156775744960443	8.465604221498165E-4	0.22478547735070978	0.0011144473745595992	3.2670071276357274E-4	0.4971854835014309	0.05165664089948407	0.001891731048071824	7.317702365781746E-4	0.0014917110078438251	0.01992293030897683	4.181553430423378E-4	0.013110869132859396	0.032069908311549475	0.12287985690037602
65	65	0.008840978313218244	3.9010259003615424E-4	0.055084483061967844	0.057570804905090964	1.5054660114168796E-4	0.32895770428799853	0.177858436242672	0.06078184703266996	3.37206249112832E-4	6.873937317640575E-4	6.220752664077249E-4	1.9268971013790726E-4	0.04598168571970329	5.137852644728403E-4	0.262030261023606
66	66	4.1153571728590676E-4	5.685092836417448E-4	0.4419850579332216	0.009063550346944645	2.1939649352707032E-4	0.11353463181217482	0.03884768732070922	0.005427966164508571	0.004648992245174968	0.0010017614032985323	9.065706639987363E-4	2.80813026812984E-4	4.894883796622277E-4	7.487560967592348E-4	0.3818652831122797
67	67	5.393522283492069E-4	7.450793116855108E-4	0.10520901366114853	0.2189347112958323	2.875375883683476E-4	0.14334785354920734	0.12719701731104552	0.001664960504073773	6.440495561994515E-4	0.03945481784369284	0.0011881372314618372	3.6802912942753523E-4	6.415157597085345E-4	9.813079456152893E-4	0.358796617084184
68	68	9.380202260837165E-4	0.020248652443674502	0.05030550888489131	0.011182281639022176	0.009976493962398985	0.04082372328079266	0.0032584029377996297	0.12608909232781643	0.0011201057093328222	0.011759751353479689	0.0873541405093088	0.04802216118932695	0.03902137852792065	0.020659492011881105	0.5292407949962706
69	69	6.090423742679944E-4	8.413516235870645E-4	0.0511212967656297	0.001107590295335263	3.2469055712840676E-4	0.106493880360638	0.02057432100575168	0.08802064083976993	7.272677301334797E-4	0.0014825326645733397	0.001341657422312906	4.1558247654296287E-4	7.244065397098057E-4	0.16723630600073017	0.5589794333438893
70	70	0.016721635243893678	0.032955490827617666	0.0024576206155041917	0.0014340656079529202	4.203969312172218E-4	0.21754956076737078	0.0027392393024623916	0.09803269320798312	9.416384776490951E-4	0.04971873798958273	0.0017371267833394212	0.040370756419652355	9.379339175769494E-4	0.06516701192039054	0.46881609198780694
71	71	0.001130929085630653	0.0015623034825791872	0.16347877015304058	0.2534131963015491	6.029169896880739E-4	0.20917348547294123	0.06105499154614616	0.003491136518053234	0.0013504614191041833	0.0027529107687763905	0.048192504464841045	7.716939412725422E-4	0.0013451484825888055	0.00205763439793977	0.2496219169758491
72	72	0.005798623810826807	7.214915322532818E-4	0.03856214118170007	9.49801482385337E-4	2.784347007877428E-4	0.5503647580735632	0.0018142360681815959	0.04382302255536594	6.236601847100041E-4	0.0012713290540977624	0.02225590884048926	3.5637803431132014E-4	0.021726592354267594	0.15396428831568612	0.15748933381137398
73	73	0.0021275547522358104	0.0029390757042404383	0.006630681970263608	0.0038691215848536365	0.0656155802457109	0.372012803735738	0.007390491657048791	0.006567683318133258	0.002540548869449243	0.005178899776306717	0.2626121658495911	0.0014517454125874143	0.15298702709164788	0.02536469642005447	0.08271192361213887
74	74	8.494708583138569E-4	0.018337174074423455	0.19144798985538347	0.010126671171544312	4.5286695623071094E-4	0.036969952556020175	0.002950808802770968	0.0026222853158187	0.009596210649341096	0.0020677843583003135	0.0018712965308285826	5.796398049863912E-4	0.16406539805780068	0.0015455438190797885	0.5565169071891576
75	75	0.06751379033440688	0.015051168274224489	0.0040846433850203895	0.002383462509329747	6.987130289135418E-4	0.22916792642697956	0.13695904383149748	0.0040458348538853625	0.014805667131689937	0.01643094830599266	0.002887159791770152	8.943065468759213E-4	0.18692775367295855	0.0023845670086772596	0.3157650148977781
76	76	0.013157540402774233	0.0016371218922940373	0.0036934178315639176	0.002155175397956712	0.012604241910322183	0.1473560549214592	0.09989625723838859	0.0036583263664346564	0.0014151347536293232	0.002884747129703337	0.18219739890087555	0.02475355290061119	0.061271824098326516	0.229632749632278	0.21368645662338256
77	77	5.4831528573876E-4	7.574611806746236E-4	0.33407264969798245	0.07854870314064534	2.9231594242111063E-4	0.06263908918020131	0.03514106247272567	0.0016926291327823769	0.006194148901878771	0.001334710614461911	0.0842988280450626	3.7414510714061977E-4	6.521765899940961E-4	9.976155067433757E-4	0.39245614920154703
78	78	4.015196399475954E-4	5.546727374725389E-4	0.001251365697878957	7.301942777413018E-4	2.1405675713331572E-4	0.10265862783266674	0.03384581852242801	0.0012394763699573232	4.794613470034301E-4	0.19162735103893117	8.845062805154742E-4	0.016499507946496888	0.06132331042898557	0.06563265036955421	0.5226574807532874
79	79	9.749774071987785E-4	0.0013468665878844847	0.0030385893047093575	0.0017730712344644368	5.197765720512638E-4	0.2000286636889743	0.003386781179728246	0.0030097194190124	0.0011642369001288442	0.012223075329395594	0.011997557066232612	0.3552574524298593	0.0011596566013866944	0.011623675453720056	0.3924959008252537
80	80	0.011627108102307191	7.574611806746236E-4	0.28421808202342447	0.045312324690940035	2.9231594242111063E-4	0.1955846029790225	0.0019046840230203792	0.12909874652331932	0.03389113094329985	0.001334710614461911	0.0012078819207993626	3.7414510714061977E-4	6.521765899940961E-4	0.0065370119150275924	0.2872076174441469
81	81	5.671658236989574E-4	0.2815454358430686	0.0017676142987146791	0.17292649614298247	3.023654758050939E-4	0.20230860845320653	0.001970165178501486	0.013210490821810873	0.006407097623249292	0.024299938189571827	0.0012494077082280076	3.8700784638611406E-4	0.04078344547631742	0.0010319125425340345	0.2512428485759246
82	82	0.0017207217536916604	0.24574915575880682	0.005362756796765658	0.003129264556758957	9.173452102419249E-4	0.40517849490398183	0.07551215863836287	0.057462967557849215	0.03682218458659502	0.02157230666168118	0.021174293150379185	0.0011741413045356793	0.002046659057004581	0.020514435579110864	0.10166311448423464
83	83	0.007449476628679648	0.007705406530524164	0.08343322185257782	0.20457545562976806	0.013914720867191472	0.17832849955150512	0.0023307442644566697	0.10374887874426988	8.012145850125012E-4	0.11686791370156317	0.0014780739613595726	4.578379153722734E-4	7.980624755444722E-4	0.02155629770908032	0.2565541955830949
84	84	0.0013839153730363465	0.015892896378841025	0.10218083866455407	0.016497865435668887	7.377881613406675E-4	0.018286267522703858	0.00480730989777746	0.43768647887343454	0.2253503026515286	0.003368730702847256	0.0030486225762513773	9.443201365809248E-4	0.001646055166255692	0.002517922574967907	0.1656506858842114
85	85	7.09439910261367E-4	9.800441571134692E-4	0.0022110220275234054	0.02279168105200711	3.7821414312714293E-4	0.2960609356567483	0.15297495391918028	0.016524355014925322	8.471541143947588E-4	0.0017269206297485804	0.06606735321968628	4.8408913290999203E-4	0.1370200521135675	0.00129076878574669	0.2999330161230599
86	86	0.03467958301081662	0.002259240875851517	0.40162675647310664	0.002974158721236409	8.718758698533482E-4	0.20335249571202274	0.07176930588645454	0.005048518685846318	0.001952896907240923	0.020503048825464804	0.0036026878713989103	0.001115943550795688	0.0019452138907974535	0.002975536949907574	0.2453227367692066
87	87	0.2076151487831518	0.0010476204203655223	0.002363477001621793	0.36146317538743183	4.0429286449505204E-4	0.23986138095264403	0.0026343077741395773	0.03298647198873855	9.055673083655403E-4	0.0018459957165640616	0.0016705829921115271	5.174681745027029E-4	9.020046581841385E-4	0.0013797702155598696	0.144402735762124
88	88	4.614130018773659E-4	6.374114424144821E-4	0.1412818143084318	0.2618808497747918	2.459868984090251E-4	0.1925552299555213	0.006264270917410259	0.0014243649767486152	5.509810166045477E-4	0.0011231728300747604	0.015000823819662043	3.148469895215227E-4	5.488133669990224E-4	0.3364645914279918	0.041245429273541724
89	89	0.047296479130180036	0.005323687145096431	0.02486121509707758	0.08982556464632578	2.4713892651831855E-4	0.3152225755511236	0.010976898837727232	0.02016419777060696	5.535614207761556E-4	0.17909347272397	0.0010212054764950132	3.163215094427101E-4	0.005234674139154313	8.434354396566117E-4	0.2990195721858493
90	90	9.945700037864904E-4	0.03151708722899167	0.0030996510831704134	0.0018087018748891696	5.302217091557258E-4	0.3849072556154583	0.0034548400259079935	0.003070201044518303	0.011235351005207575	0.022516421620034227	0.0021909349561985677	6.786487816479246E-4	0.001182960406996432	0.2931933694641044	0.23961978517993288
91	91	0.0014445026193073947	0.0019954845104016776	0.47148418229345	0.0026269388639077415	7.700882238285469E-4	0.1650187962021175	0.07798375365067058	0.004459126490566323	0.001724904843243781	0.0035162123485395374	0.0031820900197190847	9.856620840644691E-4	0.0017181187849398712	0.0026281561904861056	0.26046198287475736
92	92	7.885648027092405E-4	0.0010893499452487901	0.01042415583609641	0.0014340656079529202	4.203969312172218E-4	0.39281333562039966	0.2895345072437823	0.10599922842857534	9.416384776490951E-4	0.0019195266660294115	0.009703662003931642	5.380803166912596E-4	9.379339175769494E-4	0.0014347301556527788	0.18202082404648706
93	93	0.011504671032833255	0.0014314642581314937	0.013697899894929474	0.0018844391286322473	5.524241166856435E-4	0.25446642792010943	0.48514841829704497	0.0031987620853284105	0.0012373634668225806	0.08626999768093435	0.0022826777685525153	7.070663974483443E-4	0.0012324954761842126	0.0018853123799545796	0.1345005800964086
94	94	6.489730112278978E-4	8.965131487230766E-4	0.18559893464807312	0.0011802072229119376	3.459782397409441E-4	0.15937002774819892	0.02192323493602558	0.015115953130807219	0.007331248224149378	0.00157973193364132	0.16533708673092107	4.4282930484071387E-4	7.71900795890746E-4	0.10608153252666931	0.3333758483981788
95	95	6.53255952346138E-4	9.02429747659054E-4	0.06143202702060216	0.007787563464383353	3.4826154644764234E-4	0.299012716057275	0.0022692166491405483	0.0020165771133204917	7.800639064399609E-4	0.03458799440286804	0.0014390553665312347	0.01364488655543035	7.769950072072806E-4	0.25197210720509516	0.3223768500052536
96	96	9.46994342088118E-4	0.020442372953008298	0.0029513780096265957	0.030423426552047262	5.04858337483659E-4	0.12731802117754754	0.0032895763444488447	0.00292333672558259	0.0011308218520056862	0.0023051762974607083	0.0020861306891460716	6.461853404373795E-4	0.4603462877159156	0.00172297994427144	0.34296245371893025
97	97	0.001036216447452972	0.0014314642581314937	0.19166162784639432	0.022821348299392814	5.524241166856435E-4	0.18118724582244744	0.23390550824791811	0.024135671256088977	0.0012373634668225806	0.15954917977859634	0.0022826777685525153	7.070663974483443E-4	0.0012324954761842126	0.0018853123799545796	0.1763743984379297
98	98	0.002710046163445385	0.0037437489343021746	0.00844605959759935	0.004928426916354231	0.0014447704065096677	0.17270122839374097	0.310576790184742	0.00836581289404041	0.0032361116485773627	0.0065968020117456345	0.005969951687462065	0.001849210734317166	0.0032233802550681936	0.004930710755219776	0.46127694941687564
99	99	0.20879257467758386	5.480039962460143E-4	0.001236320729098033	7.214152692298427E-4	2.1148318712586287E-4	0.22165277335767047	0.19374342063967492	0.005232187468574931	4.7369686024344203E-4	0.01699608184965125	0.03293477699493106	2.706845170683766E-4	4.718332591731674E-4	7.217495739193567E-4	0.3159929976198094
100	100	5.278475865628652E-4	0.022059666165149247	0.07630175523465992	0.027623031033824554	2.8140427366153486E-4	0.1456227949996511	0.0018335853310410205	0.001629446097752689	0.021960791422817	0.0012848880834214474	0.1984697314061835	3.60178891533901E-4	6.278319207850748E-4	0.006292996114509181	0.49512405143844695
101	101	0.041431901861224134	0.04285531227045366	0.16243089331967236	0.006786451939227179	0.0019894512170728616	0.2755100383290984	0.012962946585644286	0.011519738062783445	0.0044561310425780916	0.009083807179274636	0.23442161637752068	0.002546366211154027	0.004438599892855112	0.08218992449638775	0.1073768212150534
102	102	0.0012768082040168086	0.09205718209641221	0.003979267339165783	0.041019126397633984	6.806875590661572E-4	0.37804443971922275	0.017334302386344747	0.0039414599944676025	0.014423709023841751	0.003108010130042627	0.0028126765495554516	0.0395683878322924	0.0015186598700239464	0.20870786408891698	0.19152741880899685
103	103	8.494708583138569E-4	0.0011734876192994951	0.054138498214391796	0.010126671171544312	0.00903471018379269	0.21718866033482173	0.002950808802770968	0.17425914986705826	0.001014367421779117	0.010649627585862291	0.2764902798128119	5.796398049863912E-4	0.0010103767341230752	0.0015455438190797885	0.23898870776936432
104	104	0.2346648936584993	0.0010318102749730005	0.08533096317711575	0.01644980063615956	3.981914857470169E-4	0.1834213278271923	0.0025945521640844916	0.04003439854171311	8.919009550474383E-4	0.05463832616183755	0.062011301997985074	5.096588125278418E-4	8.883920705394195E-4	0.0013589474372976233	0.31577553479928056
105	105	0.0017827017324848122	0.002462684142134229	0.2576942183901798	0.07528149316130138	9.503877614590591E-4	0.1316148726543526	0.024202453272414586	0.04152289135023255	0.002128754085538812	0.07637897084013454	0.14800613423580275	0.0012164335885723962	0.0021203792181391785	0.0032434822418437132	0.23139414332540972
106	106	0.001036216447452972	0.0014314642581314937	0.024166354480309758	0.054226712055533664	5.524241166856435E-4	0.06603424538326433	0.4642115091262844	0.0031987620853284105	0.0012373634668225806	0.002522360997892071	0.0022826777685525153	0.021643975568208913	0.0012324954761842126	0.0018853123799545796	0.35433812638939455
107	107	0.012992279953742669	0.03411272566535584	0.00967819819192365	0.02171684053535837	0.012798529669035313	0.31153086994395063	0.018211263889067183	0.005473478913787174	4.955422166430614E-4	0.2315938764133723	0.017683896889057	2.8316760539659274E-4	0.004686023861062345	0.08460365808761103	0.23413964816463687
108	108	7.761975918027692E-4	0.001072265464077986	0.30824126443940786	0.02493635851299539	4.138037666542915E-4	0.07298898810775915	0.09679541380306125	0.002396093435386819	9.268705833546439E-4	0.009731016908750157	0.06444263943455063	5.296415013418059E-4	9.232241225985854E-4	0.0014122290113360767	0.4144139933169226
109	109	1.7109830778933144E-4	0.0019648944792952133	0.0109044416769336	0.03833889287099038	9.12153361194544E-5	0.10770134014019006	5.943445708851339E-4	0.31684980858205436	2.043113635322725E-4	4.1648798321426895E-4	3.769118936373455E-4	1.167496080529074E-4	2.0350756914876668E-4	0.2094638556678645	0.3126021399502923
110	110	6.945069617851115E-4	9.5941527975409E-4	0.3599962316653809	0.0012630142062619231	3.7025314145438956E-4	0.058290980094678056	0.09362452489383596	0.0021439174632051634	0.007845631239137119	0.008706879613835344	0.04362777993435665	4.738995763667227E-4	0.007842368548801947	0.0012635994885398089	0.4128969978926068
111	111	3.799429269477648E-4	5.248659403085511E-4	0.44643875131683103	6.909553693606333E-4	2.0255385477231837E-4	0.16239483055083465	0.001319808587210887	0.024203281800525802	4.536962315531487E-4	0.008601662127487884	0.02002898496990903	2.592555611844096E-4	0.004290313307985018	6.912755588965005E-4	0.32951982189619244
112	112	0.0016629067403206876	0.0022971953101362506	0.00518257202532013	0.003024123518237078	8.865230709377928E-4	0.357965508087733	0.005776442828498402	0.05553225317560509	0.0019857048730151784	0.004047852275677282	0.25565781768859397	0.001134691001152518	0.0019778927846582934	0.0030255249006543032	0.29984299171946005
113	113	0.002442552954887296	0.0033742248177095397	0.03228847211058077	0.004441969989242845	0.0013021653553928572	0.2543591742391286	0.2799215256247576	0.007540071191405166	0.002916693514743935	0.005945669289304887	0.005380691787259562	0.0016666856838974753	0.22498989295712418	0.0044440284033926735	0.1689861820811727
114	114	0.0012934930365324352	0.0017868747928961905	0.04323409887791203	0.0023523163492014413	6.895825190787575E-4	0.2000380278371743	0.1351693163684064	0.01706057613329288	0.027679803111972167	0.10768950978943262	0.0028494315116572976	8.826200970980212E-4	0.014606115800081762	0.0023534064153814906	0.44231482735988226
115	115	6.090423742679944E-4	8.413516235870645E-4	0.0018981256702989577	0.001107590295335263	3.2469055712840676E-4	0.21109311893821586	0.0513388029403334	0.0018800914229411254	7.272677301334797E-4	0.0014825326645733397	0.11824668877372342	4.1558247654296287E-4	0.11762943789112035	0.0011081035539888902	0.4912975730878095
116	116	7.197571540893301E-4	0.00826569752077666	0.009514577258070808	0.03766593749853004	3.837144363547811E-4	0.26400948721141776	0.009771622796962488	0.02403606620665547	0.02267367643648675	0.016294836445711267	0.17609916926623478	0.015033930697051645	0.008127493572558117	0.0013095401800472532	0.40609449331905284
117	117	0.0011056640081916337	0.001527401454704821	0.34971755127578363	0.01318078863752083	0.11228998566227998	0.3050310114171698	0.0038407475151707436	0.0034131441526613613	0.0013202919657179452	0.002691410446042132	0.05828593252081828	7.544542156052158E-4	0.0013150977207758898	0.002011666624128251	0.14351485238342954
118	118	0.28746236297678684	0.0026033417463186197	0.1962584791143323	0.003427147429002705	0.0010046696985072864	0.12009360814729335	0.10173888113646722	0.06293301763297297	0.0022503390847868816	0.023625830917220664	0.06126697495571921	0.0012859108842152446	0.002241485882076747	0.0034287355731771343	0.13037921482112289
119	119	0.06033651472592574	6.819134071122541E-4	0.0015384261546229142	0.03081914288617058	2.6316089238008803E-4	0.3855274632252609	0.0017147143705150871	0.006510716724306954	5.89448694023702E-4	0.0161623109003006	0.2155244231654196	3.368285679503825E-4	0.005574036988773236	8.981151860290762E-4	0.27352278411120895
120	120	6.053179158506213E-4	0.006951476297111178	0.1975751506212202	0.0011008170818894497	3.2270498678120085E-4	0.19757168803889172	0.008217963951215747	0.02021440345371612	0.20252672255888626	0.06874143399976453	0.07471669001328395	4.1304107758901736E-4	7.199765982994647E-4	0.0011013272018279502	0.21922128620367268
121	121	3.25046008161666E-4	4.4902949000224173E-4	0.001013029960126184	5.911211097750497E-4	1.7328739992717807E-4	0.10280902459196069	0.033967130452650186	0.06996324164867655	3.8814289864281805E-4	7.912279094997709E-4	0.23714976815102876	2.2179643120002205E-4	0.23353653951932837	5.91395035996877E-4	0.31803021939302367
122	122	6.848960770276086E-4	0.09089592208385251	0.002134529353323968	0.001245536074793994	3.6512941992325454E-4	0.01596903980908164	0.0023791250203543364	0.002114249015223733	0.2845056249683568	0.008586390085046554	0.022266397662108924	4.673415510830262E-4	0.028491484864418055	0.00816532738103939	0.5317290066343663
123	123	0.0021742884335704846	0.0030036351837255666	0.028742243359443687	0.06985184760010142	0.001159149104694653	0.16052528029988275	0.11738239259847291	0.0067119484746347045	0.002596354343388392	0.027258571444976225	0.04872155758435209	0.0014836343251616443	0.06848387708936332	0.003955942710114651	0.45794927744811753
124	124	0.001635432069656573	0.002259240875851517	0.2859722281790465	0.01949623419181643	8.718758698533482E-4	0.05465381647680253	0.005681004004134461	0.005048518685846318	0.001952896907240923	0.05354719976662485	0.0036026878713989103	0.001115943550795688	0.0019452138907974535	0.06906383883222766	0.4931538688279069
125	125	8.719188715009793E-4	0.0012044980598521565	0.0027173997448096433	0.054437407192066	4.648343631240537E-4	0.31982294701354486	0.2496703136453482	0.0026915815074111215	0.001041172971419611	0.0461655572198311	0.001920747184479536	5.949572957028392E-4	0.0010370768263388067	0.01920363810915865	0.2981559499954125
