0	0	0.001173746285994781	1.1852164189253884E-5	2.3944546404408207E-5	0.3943395107293017	2.4310145765429996E-5	0.007718018360858397	0.00306528387013205	4.871792289333183E-5	0.1199828431824303	0.008251841725402657	0.39039654620407366	1.240716810559362E-5	1.3717853909712655E-5	0.03283425127553561	0.04210300856500319
1	1	4.861068458081345E-4	3.2954184791946195E-4	0.12524375095782703	0.3109306759553561	6.759280609692266E-4	0.5200115694306653	8.367179401841815E-4	0.025466439374396875	5.710801936666888E-4	3.744311705086378E-4	3.66829202799209E-4	3.449733769864457E-4	3.814161578182208E-4	0.008740289713264477	0.005240249771830033
2	2	4.040392123560051E-5	2.7390650804427273E-5	5.5336451534159624E-5	0.3411578394792734	5.618136089182352E-5	0.016500458678221412	6.954579233586645E-5	0.008797086875273441	0.5181112056125791	3.112173311658296E-5	3.0489877574502056E-5	3.6269245290978033E-4	3.170230687217137E-5	0.053835518541925385	0.06089302626545249
3	3	1.0132251305513515E-4	0.08550726564059119	1.3876941053074025E-4	0.4333679355755837	1.4088822318070838E-4	3.348312601814054E-4	0.4751123750011434	2.8234226399649365E-4	1.1903407836630368E-4	7.804520238557835E-5	7.646067322470467E-5	0.001747171332833747	7.950113017998864E-5	9.841641495176936E-4	0.0019298935452291685
4	4	0.0023108195664060444	8.93436975143574E-5	1.8049820074325293E-4	0.4002571033910927	0.0012727685373919056	0.04510560677888961	0.022017134369014774	3.6724426838906577E-4	0.003423371489531263	0.014265200857689201	9.945285414050096E-5	9.352741461690141E-5	0.46750507849596323	0.03614456848515732	0.006868281593459761
5	5	0.0064305633025002525	1.279620734723318E-4	0.02522574397511381	0.3813307250117079	0.12353814477203467	0.025590993429502867	0.02217122307073173	0.40312250806350186	2.2175212696637486E-4	0.0032662960189176714	1.424408635708725E-4	1.3395418181525278E-4	1.4810502131491892E-4	0.004954331971048497	0.003595256117800907
6	6	0.019245744160080847	1.4191335605053077E-4	0.003747868067377107	0.4471341110406629	0.007213410691600246	0.0024223569269111018	3.603228291304725E-4	0.11826294263402448	2.459290295569184E-4	1.6124441964589462E-4	1.5797072085151127E-4	0.019184966676620133	0.38089241067159857	3.02738823392579E-4	5.260699524966769E-4
7	7	6.956526903497082E-5	4.715972940205646E-5	9.527528568248442E-5	0.44246277703943254	0.039778354376451226	0.006555942053954661	0.13871787745301695	0.29004223520049377	0.04493921396624919	5.35837035337562E-5	0.01673027996540978	0.0034999441208297924	5.458330377717427E-5	1.0060420941357611E-4	0.016852604323318063
8	8	1.6349867847635223E-4	1.1083912333699838E-4	0.034015009761084986	0.37490806459340376	0.005633917339267323	0.1870670885925306	0.33143405771255435	4.5560049439682254E-4	1.920788768430063E-4	0.033917022379170624	1.2338046748651827E-4	1.160294115032282E-4	0.016348007509348585	2.3644924423434728E-4	0.015278955816362502
9	9	5.630367679148724E-4	0.005036318591071224	0.028698870762675195	0.2530813425812306	7.828985624721924E-4	0.3649213165792176	9.691346023208128E-4	0.1412076722141842	6.614577622903973E-4	4.3368760976671285E-4	0.005079506939387293	3.995679074879569E-4	4.417780218080736E-4	8.142550110512145E-4	0.19690915608712167
10	10	8.459888574129721E-5	5.7351327963231856E-5	1.1586504471606447E-4	0.5282912535500693	1.1763414009158412E-4	0.11777522120872119	0.004341890361454795	2.3574070768241743E-4	0.017583859565847407	6.516357480870175E-5	6.384057760509349E-5	0.2084749487644568	6.637919674121217E-5	0.10992483269865493	0.012801420395445904
11	11	1.8304409566188127E-4	0.0076902160886892735	2.50693754924038E-4	0.512033121070835	0.0229529016668449	0.020276818597789067	3.1506710922877244E-4	5.100651654015312E-4	0.03804567452955091	1.409924908163603E-4	1.381299610729046E-4	0.31790722254398446	1.4362269587584012E-4	0.013883743626066767	0.06552868660325822
12	12	0.08801992078293118	0.07066322318874978	0.04118886666691751	0.4117059380568236	7.498831270991687E-4	0.007959568460050769	0.29798193451430743	0.058630581574008314	0.005868450562575757	5.980940685923148E-5	0.002626252718692228	5.510399423145621E-5	6.0925147162951154E-5	0.008457180277027371	0.0059723615225632095
13	13	0.004838015383128548	2.3172346435274268E-5	0.015306051372265591	0.38695504210709536	0.010502932282744005	0.022436655109968263	3.414138377612157E-4	0.0015081414690474972	0.542590806358178	0.008786261188915385	2.57942759728536E-5	0.001719728223640588	2.6819984778185398E-5	0.0040055312482608265	9.336348118084975E-4
14	14	0.020109352001721474	0.002679286202861997	0.4436549640146483	0.31292588448314373	0.005368951646304131	0.17184953561944355	0.0029918003663456224	8.346657807947184E-4	3.5189089495302916E-4	0.017564311607615322	0.007654717198105996	2.1256732716172638E-4	0.0051874779087739955	4.3317796070099914E-4	0.00818141698742534
15	15	1.0709315845842432E-4	4.1405650593687916E-6	8.365050519163333E-6	0.44056765797812636	0.006724022879598323	0.021681555248653873	6.100574283090995E-5	4.7145402174749893E-4	7.175400365454488E-6	0.004650033678212695	0.0020243173688940914	5.482716378437647E-5	1.0577776071009871E-4	0.4555540406047926	0.06797853337824666
16	16	4.4662100046878963E-4	3.027735796837875E-4	6.116837324393853E-4	0.5293603819996778	6.210232779855933E-4	0.0051681229902810835	7.687523983209673E-4	0.4516948118148698	5.246920705658958E-4	0.004036231936840652	3.370321298046811E-4	3.1695162512810075E-4	3.5043420488460223E-4	6.458963399836126E-4	0.004814590899065079
17	17	0.2958517979154661	1.5246767165442884E-4	0.03749379824236215	0.5157146499546867	3.1272865134584474E-4	0.07697405676581019	0.0022464092300473735	6.267132443306036E-4	0.059761455480113114	0.00946967959266236	1.6971924749088177E-4	1.5960730906850823E-4	1.764681295594807E-4	3.252539775441046E-4	5.651945878579926E-4
18	18	1.1434892571812496E-4	7.751949311906934E-5	1.566101406120166E-4	0.40494968924476255	1.590013559798193E-4	0.04197206615716156	0.059752138831868744	0.18843780837148216	0.02943933343772432	8.807899430394387E-5	0.001031613199698739	8.114951558473543E-5	0.07949680771107231	0.004891981875375542	0.18935185274553637
19	19	0.038694413581163815	1.5023305870489665E-4	0.425336403785327	0.4257144530127927	3.0814520433439523E-4	0.0373730964374214	0.004045523498400802	0.006113642935493352	0.03323703663054796	0.002002735741167544	0.0019992701210395578	0.01847765136424181	1.73881758539222E-4	0.005816601948162477	5.569109226630813E-4
20	20	1.9641929516679916E-4	1.3315668778269668E-4	2.6901217691203705E-4	0.335106499738382	2.7311961241426123E-4	6.490889155982065E-4	0.010080877981022363	5.473360936064837E-4	0.10415383286323009	1.5129494108958612E-4	0.06834774365313799	0.25669949263344344	1.5411733763867494E-4	0.023017231997558354	0.20022077607301703
21	21	0.01418779515034133	0.43386654988731493	0.016796370021421467	0.4686823489501828	0.0295573010125124	0.009440362791124125	0.009196019584620928	0.0068088778130386725	1.812967409237939E-4	1.1886798328207725E-4	1.1645464101314234E-4	1.095162284504318E-4	0.006499937407140343	2.2317642667506128E-4	0.004215125361958474
22	22	0.009267886360605238	0.3716553950701524	0.028977922845509076	0.44844730881927186	0.007192856344057324	0.0018433304239320557	0.07927142181209221	0.02904973453926169	5.953798768654296E-5	0.007161423774077056	4.5720775966671365E-4	0.0012928571135725573	3.976455629081707E-5	7.32913083577807E-5	0.015210061285466803
23	23	0.012295067005004285	5.563916229678735E-5	1.1240601144605746E-4	0.46773867753814996	0.06321458991330198	0.00977021517575914	1.4126972208373026E-4	2.2870290820659826E-4	9.641999576232009E-5	0.005491215397156578	6.19346819792502E-5	5.8244589667138624E-5	0.3868091990614464	1.1869308849464805E-4	0.05380772574924507
24	24	1.1048451645737766E-4	7.489973044778538E-5	0.02663920355180575	0.4469803576233142	1.536279227913482E-4	0.025026243369109163	0.049512443503719875	0.015835254294731562	0.006523425298495752	8.510237446140592E-5	8.337456557794012E-5	0.30605915953293344	0.032968203650096055	1.5978098819754505E-4	0.08978843907786077
25	25	1.641643534718435E-4	1.112903981339276E-4	0.002939129487032324	0.38186306628185673	2.2826934876429806E-4	0.027685429677554267	0.04099696618461617	0.0018146019804727046	1.9286091439014728E-4	1.2645008305543906E-4	1.2388280360876207E-4	1.165018182449771E-4	0.5253445185011407	2.3741193305273046E-4	0.018055456234604906
26	26	1.5491376365105378E-4	0.0013856911526008483	2.1216698063200714E-4	0.5780594751954962	0.08858176894570263	0.23999757840154926	2.6664739726675086E-4	0.013238397228564104	0.0014626652057918642	1.1932467594718224E-4	1.169020615792163E-4	1.0993699152609186E-4	1.2155066943506134E-4	0.011750081153413734	0.06442290017684398
27	27	0.009111238513544395	5.2910767081494413E-5	0.02075418511006877	0.3609224074848109	1.0852604130122309E-4	0.02800271768015375	0.4485676977188245	0.009250677825954496	9.16918179063485E-5	6.011813241902938E-5	5.889757137230936E-5	0.025219274566404725	0.014901480173200891	0.03624563227657268	0.046652544320384494
28	28	7.95368818113384E-5	5.391969118699807E-5	1.0893221922364472E-4	0.4519686319419774	0.018521472354205162	0.013413464626091503	0.0014519665618470533	0.0028517603505293495	9.344023491985882E-5	6.126448950891995E-5	0.0072928651483957305	0.38273967146961885	0.11118520005620312	1.1502500061960837E-4	0.01006284897386146
29	29	0.0033889852272427595	0.4890738056260937	2.6471375989521834E-4	0.40964460367606365	0.033823651996979204	6.387174340085533E-4	0.03228973140419516	0.018114964793429902	2.2706703386209326E-4	1.4887747152815913E-4	1.458548553029099E-4	0.001735016977662542	1.5165477035158337E-4	0.005073076325462724	0.005279278647921785
30	30	6.390549281440607E-5	0.013779295526153437	0.0011441370452347811	0.49469155850343927	8.886012656644118E-5	0.05779660655840327	0.3487923814939721	0.024480182625172132	7.507641895506401E-5	5.775308164334103E-4	4.822479087828323E-5	4.535153918171746E-5	0.011672888558797728	0.0011490324118729033	0.04559496809212503
31	31	0.23034966776205645	0.004431311272544642	9.083498455716459E-5	0.4196486411561979	9.22219063117738E-5	2.1917216648474925E-4	0.11635241931370914	0.19702224443064956	6.262104074094682E-4	5.108643703494283E-5	5.004924388619443E-5	0.005530004066282728	0.0060832699042264295	9.591555399710499E-5	0.01935695139465177
32	32	1.8758585026929837E-4	1.2716831345692937E-4	0.009561546209001905	0.5759133441520018	2.6083677103332976E-4	0.003721441887323229	0.273258761132392	0.04239356576731663	0.004872692655128445	1.4449084618510858E-4	1.4155729034488534E-4	0.03735165186136263	0.032713398845815825	0.017329776016394138	0.002022182401973867
33	33	0.36880056859223226	0.017112788500028304	6.152184362766523E-5	0.4387085662838873	0.010460404956866986	0.038398022477729145	0.03349928156579203	0.03169035965860045	5.277240803723632E-5	0.003005441529715835	3.389797192194787E-5	0.01080117721367917	0.0460832825829358	6.496287463732873E-5	0.0012269515403085882
34	34	1.6240113635444592E-4	1.1009507691563773E-4	0.5828978111528268	0.33748454237495634	2.258176080873097E-4	0.04081377287543772	0.004307245204549742	0.015220812360067816	1.907894801333311E-4	1.2509193832898396E-4	1.225522329016954E-4	1.152505234553764E-4	1.2742551969340975E-4	0.013660562217262865	0.00443583029902845
35	35	0.013909981297803404	6.662378682484691E-5	1.3459789535411192E-4	0.5357089184430969	0.016385717270625388	0.03851006697609045	0.00991859861015604	0.30413135642114236	1.1545582244850539E-4	0.04801043865808307	0.0016990686321748777	8.821968064276992E-4	7.711126508049351E-5	0.03020289507885139	2.4697303584037716E-4
36	36	6.726134753550871E-4	4.5597853540933964E-4	0.006481693668714607	0.3134563452652128	0.006495759071329976	0.11899311700291516	0.0011577449823888379	0.302141008407101	0.006350683787947187	5.180907305643907E-4	5.075720843764821E-4	4.773307432321518E-4	5.277556769236613E-4	0.07881965157132341	0.1629446549972059
37	37	0.047556388315826696	0.32044235667415505	0.006960401259716599	0.5374473435721355	9.62319212144344E-5	0.0036615105462063724	0.043029227128581995	0.013351948736562036	6.534394375427626E-4	6.254425035549863E-4	0.025798287622229438	4.911388171639825E-5	5.430224275116515E-5	1.0008617696845247E-4	1.7391998083803893E-4
38	38	7.81494673115448E-5	0.0013451022611974178	1.070320423873932E-4	0.362680886801425	0.04274872945768289	0.02157828500483347	1.3451582070748234E-4	0.0021559536428171835	9.181029502481189E-5	7.062573758933314E-4	5.8973674286397184E-5	5.545999995810863E-5	6.131876112124331E-5	0.22171213480501764	0.346485390590336
39	39	0.009243374167940594	2.4356139980340062E-5	0.02410737245891047	0.5175095838050391	0.009554418083931381	0.03873059926016104	0.004220042689155454	0.029504540856907086	0.04221825305222632	2.7673869220214358E-5	0.031213624185863674	0.17823413764863938	2.8190123315854076E-5	0.022625052629661132	0.09275878102904803
40	40	8.507488236160891E-5	0.00849744156377708	0.29550838113711025	0.4553057825373703	0.008558063557853096	0.03404020938969563	0.010696145719289646	0.14863631315603903	9.994629928420024E-5	6.553021842468534E-5	6.419977736183376E-5	6.037472979056267E-5	6.67526800682201E-5	0.0050462317070986175	0.033269552644475196
41	41	2.737707097547191E-4	1.8559480570327542E-4	3.7495122128062256E-4	0.45123115671312547	3.8067619617049135E-4	0.06653930792969462	0.02084059101953851	0.4058868091830937	3.2162688366808335E-4	2.1087604132384474E-4	2.0659468607594066E-4	1.9428569475719382E-4	2.1480991913252516E-4	3.9592293967297636E-4	0.05274302605700797
42	42	1.2357777224766999E-4	0.36990924293802396	0.004255719044290513	0.47441049791967005	0.002215068624894619	4.083761837764739E-4	0.026774760018435206	0.005452444660188015	1.4517964253470377E-4	0.0082681261509845	0.09919013437020546	8.7698911834636E-5	9.696337233038138E-5	0.0032435681875743207	0.005418642203009434
43	43	1.5571142464768954E-4	1.0555998349553173E-4	0.046554842013808564	0.46775651678711727	0.002791047977329458	0.0172490257048046	0.015715214572528634	0.41622087772974775	1.8293038106897305E-4	0.016854399459526867	0.003979302545499686	1.1050306421170145E-4	1.221765416999797E-4	0.011810583081857581	3.913087326556582E-4
44	44	1.470065432667182E-4	9.965876502691289E-5	2.0133740013123717E-4	0.4221622398223058	2.0441153749824184E-4	0.5011906093113926	2.5303698793057995E-4	0.010132067506167351	0.015971642039044963	1.1323401952152655E-4	1.1093506198857829E-4	1.0432550807943215E-4	0.014698981640975679	2.1259857496613876E-4	0.034397915281704224
45	45	0.0023656986006138432	0.03816055866059194	0.048889209898682964	0.585370504439506	0.08688204593696378	0.00506444040575593	0.1397268992099533	0.06824469053472632	0.010851989041113227	0.0044174679568663245	1.9264265912469246E-4	1.8116493496912286E-4	2.003030901425928E-4	3.6918494543964806E-4	0.009083199685550332
46	46	6.819266256072596E-5	4.622921118802703E-5	9.33953896398548E-5	0.46022864142894127	6.585700742809679E-4	0.21783233634837204	0.0012448748749838297	0.014847489017336632	8.011300247599776E-5	0.005690013123797744	0.018091417415516547	4.839399669461955E-5	0.007945987677212768	0.03730603132933405	0.23581831444766488
47	47	0.013455176756816385	9.102972686031407E-5	0.2943537551179375	0.5165978056441053	0.004627012025237661	0.00710418522934694	2.3112756706002697E-4	0.12248241454291485	0.012368574134999056	1.0342955650269643E-4	0.007871854013896524	9.529239603229685E-5	0.0023255088441488775	0.017955389080167937	3.3744536397363136E-4
48	48	0.017105301353044843	0.04494186894924009	4.629679133790319E-4	0.43698853067656185	4.70036778683317E-4	0.21629698097945457	0.003376393411834306	9.419612602030352E-4	3.971261293931635E-4	2.603774445643507E-4	0.008638723695561613	0.25454341542526665	0.011443411592805113	4.88862568878271E-4	0.0036440418211297117
49	49	6.85671262019767E-4	5.015978539190628E-5	0.02701528319353724	0.40821852836873357	7.145640763176289E-4	0.47307362432803146	0.00746752475931527	0.007546347474665658	0.00498036940625801	5.6992419249113385E-5	5.583531865242577E-5	0.007392675989990947	6.697362222812375E-4	0.004388768418491877	0.05768391897706389
50	50	0.0011428831889529298	7.747840650495394E-4	0.587354546283941	0.36254708844614036	0.0015891708263005768	0.003776781752235255	0.0019672030459518823	0.012632937993318057	0.0013426635697767007	0.010328537221689518	8.624501644268048E-4	8.110650499864503E-4	0.010344959587759885	0.00165281988083559	0.0028721089236355144
51	51	0.029048279597005632	4.0984398822041635E-5	8.279946377564712E-5	0.5014753647800134	5.838537557306025E-4	0.3560503071760165	0.035089365066790286	0.035653559343017546	0.0065682947906722826	0.032033131104968436	4.56217455901645E-5	0.00154227376805521	4.743589327997314E-5	0.0015868007753261915	1.519283409359951E-4
52	52	0.007170862056696456	0.009427394034310947	5.370407613911182E-5	0.5819984051643149	3.7868997119139394E-4	0.2980380515239178	0.013358296554300667	0.027987535334793024	3.7023236765629805E-4	0.019804324165329346	3.5375636345276923E-4	2.7827443016038526E-5	3.549330271800256E-4	0.03668745564758642	0.003988532270114942
53	53	1.510178458985923E-5	1.02378109741498E-5	5.200688692868768E-4	0.4722156712269239	0.004765163536091124	0.0665930565167173	2.5994149648572548E-5	0.014149729581829598	0.0017655917554706335	0.3605681430126168	0.017739590292223363	1.0717219215097967E-5	1.1849379831067037E-5	0.05745120107790336	0.004157883786678316
54	54	0.00942582203004098	6.95036797066372E-5	1.4041605038863928E-4	0.4122355391284902	0.0035328499040139546	0.019832971292721054	0.08578129215511687	0.18081862966922552	0.022157330882720833	7.897128790020566E-5	0.23570251594507496	7.275834390308676E-5	0.015336749037765487	0.014557001852184457	2.576487407471055E-4
55	55	2.0933624765201225E-4	1.4191335605053077E-4	2.867029923900465E-4	0.3536826540160123	2.9108054162612387E-4	0.27412381531339536	3.603228291304725E-4	0.0023139126219579556	2.459290295569184E-4	1.6124441964589462E-4	1.5797072085151127E-4	0.2216631235633632	0.11265211736010136	0.01068623404835376	0.023023642939912572
56	56	0.061005001363942775	0.4006131290658576	0.060385822236397595	0.4131160576537095	1.090184334067136E-4	0.008685109312437734	0.0014312623656057147	0.04494119070985647	9.210783167349444E-5	6.039089362403639E-5	5.916479478549731E-5	7.037950380161947E-4	6.151748152270211E-5	1.1338481120473718E-4	0.008623048007959124
57	57	0.020127284779548723	5.667746457630514E-5	0.33325428697538173	0.4502031837611137	0.035365482153935354	9.674427604071722E-4	0.007055519768549296	0.09699556347902816	0.02981815849916354	6.439791952600287E-5	0.0235625772570696	5.933151275736027E-5	6.559925821274103E-5	1.2090806261107387E-4	0.0022835863481192216
58	58	0.2912669252275174	0.050269828483752124	3.193054768493798E-4	0.4729241614831122	0.004178932929443198	7.704396436318284E-4	0.1295354926762547	0.046906688888557764	2.7389489519853114E-4	1.7958035901588775E-4	1.7593439095016307E-4	1.6545215187612156E-4	1.8293041805897536E-4	0.002264540880140144	5.858920956414603E-4
59	59	0.0030188061542581	7.931906330486882E-5	0.0049965835617286755	0.39984134858517145	1.626924804726417E-4	0.08260439341101605	2.013937947025423E-4	0.008064178837795774	0.033991820777936804	9.012369720081548E-5	0.004924631749159965	0.06198815728814886	9.180494847160379E-5	0.3832071629357473	0.01673758271488455
60	60	1.4576649016105313E-4	9.881810747295523E-5	0.5159616466715714	0.3788344525276791	2.026872526040071E-4	0.013737266831007483	2.5090252985981125E-4	0.004021342771417356	1.712470337522136E-4	1.1227884980965973E-4	0.033851439035971306	1.0344548486808932E-4	0.004934579082640702	0.002620908068832633	0.044953219262352115
61	61	0.28931219744275083	8.914943832353068E-5	0.0012672512082884692	0.5070142288543912	0.011054310336617522	0.07327331610912335	0.00240064437691783	0.09168666467671412	1.5449169452834072E-4	1.0129314001366271E-4	9.923661470214957E-5	9.332405880794047E-5	1.0318275645927573E-4	0.0023644703203609244	0.020986238972000845
62	62	0.011563006030076574	0.4824011938689546	0.021378387541744478	0.40168222204285353	2.7311961241426123E-4	0.018510868070456425	3.380893510996976E-4	0.005418730408567816	0.021340129508887435	0.01638927599096069	1.4822324367935025E-4	1.3939204547992043E-4	1.5411733763867494E-4	2.8405852773880487E-4	0.019979186419447723
63	63	0.0020958841036523576	1.533228861536848E-4	3.09753299375767E-4	0.4943010426290903	0.08071234259177752	0.03627202729429982	3.8929201342877015E-4	0.015587969932499451	0.0881424316736156	1.7420812588972675E-4	0.19088187353924763	1.605025708864495E-4	1.7745796629941538E-4	0.01902425507398166	0.0716176362998018
64	64	0.005295025660428561	6.097619224906552E-5	0.2893769052800956	0.5178102726761156	0.019458222475684583	0.0010408188896511865	0.011308562924588815	0.041147695698882665	0.009772245474274773	0.060299490640754135	0.03724701659945454	0.003781745638655204	8.141574834682841E-4	1.3007838874495243E-4	0.0024567859769519815
65	65	0.3371921188829476	1.2618985497204186E-4	0.0033326174578541027	0.4175981440159692	0.01564723058749231	0.048319170533600325	0.084956604433682	0.06976650252207126	0.006374041256165801	0.0047598993287144556	1.404681201886534E-4	1.3209897524691343E-4	0.007840254205256402	2.691964257734377E-4	0.003545463400065483
66	66	0.0067218341848406145	1.0763837203959503E-4	2.1745834372880783E-4	0.44152574730684496	0.0015333900113778665	0.0412156496708283	2.732974810524198E-4	4.424439136730244E-4	1.8653212858526534E-4	1.2230058758509982E-4	1.1981755414425905E-4	0.23638272830682036	0.021126364276843574	0.030419683077137546	0.2196051147844983
67	67	0.358256560450063	0.003419622331589565	0.011769376551206918	0.39316073277277913	0.023270802679278803	6.565516670678833E-4	0.1251694952544952	0.03833037807528464	2.3340718709162465E-4	1.5303442009906878E-4	1.499274065498391E-4	0.016565668199765397	0.019865497497825166	2.873244257450946E-4	0.008711621081158607
68	68	9.034901121011186E-5	0.0194810441345855	1.237403085416962E-4	0.5044456160155708	0.0016194600079104788	0.0010454833102205914	0.45726760456425253	9.986790140999696E-4	1.0614236615756195E-4	6.9592696160162E-5	6.817977578736565E-5	0.003798693497999986	7.089094304184671E-5	0.009840558672921157	9.739656815401613E-4
69	69	0.31016779934182426	5.968906315362006E-5	0.03942647196060274	0.4399143826806115	0.008857070005873146	0.10292299241102229	0.00961408020304232	0.042462780922040366	0.011021739408478545	0.006618800427565042	6.644282536712989E-5	0.011708672007124152	6.908492282712108E-5	1.273326010421321E-4	0.01696266121942559
70	70	0.006146531789634116	0.029203486585388298	0.009203955952719776	0.3387813166801763	0.005189786965933412	0.017472418364839256	0.5535107540579	0.024438734018214225	1.4270127888597108E-4	9.356270359034587E-5	9.166312709265613E-5	8.620180252006788E-5	0.008128726262903889	0.0072049062678176175	3.052541423841274E-4
71	71	0.056923753688995285	0.015490649401920817	9.462822980487911E-4	0.35992660095758755	1.3654208081448536E-4	0.014936788363545686	0.41499558729314556	0.031121791924560004	0.004986124106626316	7.563765154200395E-5	0.07557091316468284	8.814806446459461E-4	7.704866664373778E-5	0.023684027212547337	2.46772544693613E-4
72	72	0.001423617788795553	5.504163066094572E-5	0.013535458189520842	0.4526472467711236	1.1289668647585496E-4	0.01637741852982102	1.3975256897345671E-4	0.012979293158916468	0.03164239397942091	6.25392566230885E-5	6.126954019222999E-5	0.396744482929922	6.370592208331078E-5	0.03636291864554679	0.03779196440192388
73	73	0.005115560447620684	0.0015184481676110398	0.0018422357475875936	0.4255871141274242	0.0012454129499194376	0.013564954860589777	0.0018549463919647741	9.970812501971479E-4	0.4688428658440985	0.010186675310093858	0.01287521376300634	2.564903298287373E-5	2.83585814579103E-5	3.510578923704115E-4	0.05596442563307556
74	74	8.954640834966134E-5	6.0705355492453605E-5	0.04602000498034975	0.5110686445710882	0.1829736891780793	0.04323215949177533	0.003115253210327184	0.08464145449913577	1.051994652275791E-4	6.897447913424773E-5	6.757411024284122E-5	8.038280815423135E-4	7.02611932205332E-5	0.08452142779604395	0.04316127717999081
75	75	6.0729211865000696E-5	4.116958416295142E-5	0.0040995602288061575	0.3792332627332429	0.006109023492385506	0.003212976263870403	1.0453097194345628E-4	0.0016753711835784063	0.18030669542843988	0.04673727229855112	4.582788448088481E-5	0.001047194101654181	4.765022927905794E-5	0.022177952166760384	0.3551007842209796
76	76	1.373267166624453E-4	9.309661110083732E-5	1.8808009145015678E-4	0.4681576364125932	0.3714274533132044	0.0015890908864967179	0.06154148579655242	0.04579386333827678	0.012649409987627747	0.01032329637630956	1.0363040642344866E-4	0.0035032955300649798	0.0035135907305560506	0.011551397971535232	0.009427345831145953
77	77	1.3938383213866324E-4	9.449117207290013E-5	0.016322901374245122	0.5443076652950615	0.0013460982052633933	0.03733376078959483	2.3991629397474414E-4	0.09257128219588659	0.007077464618001834	0.0012596485032427918	1.0518276067789743E-4	9.891593110615252E-5	1.0936535079633956E-4	0.2525522071031893	0.046441716574747924
78	78	9.93257482107406E-5	6.733497150597609E-5	0.009989544941273059	0.414974034512073	0.01491837712962057	0.06683942700462069	0.011666727751509573	0.0010979039944019043	1.166882713407969E-4	7.650716398030923E-5	7.495386116813092E-5	7.048808112340149E-5	0.42213662397102747	0.019029538020757176	0.03884252457738724
79	79	0.0034496169866669014	1.3337325902796222E-4	0.3906148370059287	0.48365748940697095	2.7356382483462074E-4	0.042937561576383586	3.386392328442644E-4	0.07211154730690399	2.311294516205445E-4	1.515410130994849E-4	1.4846431976043545E-4	1.396187581548329E-4	1.5436800010471563E-4	0.001910959645376785	0.003747290212322223
80	80	0.025234740810266013	0.01838879362093832	0.10165681716665095	0.5469310597253324	7.179235620431213E-5	0.01297559098749475	8.887033380165574E-5	0.029168474319583387	6.065614826843692E-5	4.6660183475378034E-4	0.24376024634380355	3.664066191615459E-5	4.051135948535877E-5	0.02098945398403005	1.2975034747096748E-4
81	81	1.2050014635662867E-4	0.0010778641145767027	0.12966773042665872	0.4615994313481825	1.6755458388564224E-4	0.03426814163021662	2.0741249608158377E-4	0.33903514003747204	0.004126262364708217	9.2817065293055E-5	9.093262727395725E-5	0.014031958977373608	0.014040992712367754	1.7426543628163986E-4	0.0012989960332713386
82	82	2.7690424425480726E-4	1.8771909331325904E-4	0.4444776590490787	0.30302167900654675	0.08508421582399525	0.15428925546499964	0.0027657922450000246	7.716130292839987E-4	3.2530817206096054E-4	2.1328969379719485E-4	0.002498126428664685	1.9650945685336808E-4	2.172685981240286E-4	0.004978788796105175	6.958708979221276E-4
83	83	2.2616643394128937E-4	0.0020230405558647534	0.30320401579256884	0.5111285016564899	3.1448279420158345E-4	0.054969203991410504	3.8929201342877015E-4	0.11842244176660821	2.6570119719538944E-4	0.007653078804734001	1.7067122871865307E-4	1.605025708864495E-4	1.7745796629941538E-4	3.270783768709786E-4	5.683648507812222E-4
84	84	2.6134917409236083E-4	0.03474634751478552	3.579389193767599E-4	0.37242239818664546	0.004684550830985102	0.03975397697427518	0.482257706769487	0.02449457453694486	3.0703401575670017E-4	2.013081650890646E-4	1.9722106366379445E-4	0.00450661724690421	2.0506355483546963E-4	3.779591081180968E-4	0.035225953939040475
85	85	2.479559961883448E-4	1.6809447941588905E-4	3.395958745110815E-4	0.6013692155197572	3.447810232556002E-4	0.029517324955219186	4.267975902337248E-4	0.25487258946963365	0.016690115320526187	1.9099186668126463E-4	1.871142140774438E-4	0.08421989614316529	1.9455480660207828E-4	0.004458294018106935	0.0067726787226260205
86	86	1.2939419147658788E-4	8.771898881273874E-5	1.7721585396857474E-4	0.4550211521475484	0.1274744173028868	0.05819148593924636	0.01947735107934276	3.6056595783027774E-4	1.5201279423446022E-4	9.96678384379726E-5	0.004376450886396011	9.182662532123166E-5	0.23971469534854595	0.057951016631679904	0.03669502841427195
87	87	0.017120591163036353	0.03320260704321019	1.4833680029079928E-4	0.3566956631852804	1.5060169345212262E-4	0.020951732324608566	0.5266718171035372	0.00836025806539273	1.2724082521421625E-4	8.342599104260094E-5	8.17322172866088E-5	0.02425221213265437	8.498229707324031E-5	0.0019474001866298099	0.010121398971290892
88	88	0.13585173775381956	7.181673545834871E-5	0.05794652687077753	0.4855075760067665	0.018538670928777753	0.0012258590131835763	0.006312800656820147	0.12640742826821005	0.11572733060938142	8.159942201437968E-5	0.046496248867320386	7.517971362855136E-5	0.003586239097660289	1.532041422853468E-4	0.002017781913896119
89	89	0.21492559615676482	1.760329941236833E-4	3.5563380064571954E-4	0.4537437188977013	3.6106382584134774E-4	0.007298072731208776	0.221552861716144	7.235777109952281E-4	3.0505672348007473E-4	2.0001174495440545E-4	1.9595096437199713E-4	0.019504209836012008	0.07533681847302624	3.75525059813969E-4	0.004945869364916367
90	90	0.009323096035508622	6.874620363730684E-5	1.3888574582968335E-4	0.43708458452679944	1.41006334755144E-4	0.19063723084360185	0.3497603796676103	2.8257896149027614E-4	1.1913386883913337E-4	7.811063043572193E-5	7.652477290807846E-5	7.19653973341667E-5	0.003432909080680934	1.4665388361652425E-4	0.008638194046952739
91	91	5.074286631551772E-5	3.439963472751838E-5	9.084789206084071E-4	0.4141938965174978	0.004684961032019317	0.02911257964032004	8.734184047948824E-5	0.0034973283198180493	0.13303833030619128	0.04576362866639223	0.013462011027305052	3.601047403834563E-5	3.9814598937755825E-5	0.018530997313970423	0.3365594788413788
92	92	0.08051410088580817	6.868861954108752E-5	0.056260187649847956	0.3772465173362665	1.4088822318070838E-4	0.013736960988973578	0.3670577040627565	0.05305322807111567	0.034461991508396246	9.15678310435089E-4	0.015153856618115897	7.190511673472567E-5	7.950113017998864E-5	9.841641495176936E-4	2.546273291301469E-4
93	93	1.2134632120243095E-4	0.001085433080495204	1.6619364202082217E-4	0.2561815289374333	0.012206770089295965	0.060591196638163446	0.0012120388946878305	0.005353989548764739	1.4255812525704786E-4	0.035204415651700384	9.157117340181184E-5	8.61153274656969E-5	9.52124990576144E-5	0.2469552867217492	0.38050634334930444
94	94	3.142839830167978E-5	2.1305958849985654E-5	4.3043743929606225E-5	0.46751020373085234	0.0525270451226349	0.02036970432445907	0.027075224240046068	0.010999955917426403	0.06551119313758837	0.00522057890951986	2.371670836088498E-5	0.004699037295864915	0.0034023007636323236	4.545126049445744E-5	0.3425198104880392
95	95	0.23157990703670783	8.213455571525231E-4	0.0016593380325531217	0.6046870767381334	0.021716703433134987	0.05408382570310986	0.002085424255216424	0.07348821712529441	0.001423352399117976	9.332270857200775E-4	9.142800462373039E-4	8.598068873879921E-4	9.506363717628471E-4	0.0017521478914397579	0.0030447114370315705
96	96	1.2074070399735394E-4	0.03002675077103699	1.6536420007330475E-4	0.5563482821127536	0.2227582987313771	3.990007832970458E-4	0.0012059898311433251	0.16902604537653648	0.010123479363735874	9.30023584642339E-5	9.111415849149815E-5	0.007072828445612361	9.473731095964581E-5	1.7461332699778725E-4	0.002299752525523344
97	97	2.6712050860090095E-4	1.8108649730119554E-4	0.02465697780743238	0.44689509484475654	3.7142913945915716E-4	0.007507583646594139	4.59784764738149E-4	0.5108581760773846	0.0025220991632740985	2.0575362302503966E-4	2.0157626675363318E-4	1.8956627479951383E-4	2.0959194247846102E-4	3.863055222633665E-4	0.0050878539211388464
98	98	1.202605453595642E-4	0.0030641085050155587	0.05385117184001003	0.5571183914626909	1.672214204283722E-4	0.3254987869871205	0.0021953876817268673	3.3511441458026006E-4	1.4128255161728124E-4	0.0030752139121126777	0.006055914624208287	0.034882127825960674	0.00407113576613253	1.7391892904866622E-4	0.009249963533987665
99	99	1.6874457580283407E-4	0.001509406654569907	0.016971244153146867	0.4525026144538257	0.03371490761886993	5.576347966625576E-4	0.0016854650978618754	0.15810648746863798	0.3336059255879705	1.299780687716894E-4	1.2733916165187336E-4	1.1975224513876785E-4	1.3240280055793746E-4	2.4403577930445805E-4	4.2406153722711717E-4
100	100	8.201762297372164E-5	5.5601436741316626E-5	1.1232979571877112E-4	0.4931870370750849	0.029269747807655264	0.04434361029540124	0.001497253140027499	0.09990036936270785	9.635461918674881E-5	0.006843571340063002	6.18926878121183E-5	0.004126442710758532	6.435384915432281E-5	0.19200382003388583	0.12835559822282888
101	101	3.5385806741641926E-4	2.398876758128243E-4	0.026812735776838428	0.3872337385333293	4.92037089026109E-4	0.10063106757839671	0.006459771490000977	0.03609018145571302	4.1571381973593946E-4	2.7256454320528136E-4	2.670307441538641E-4	2.51120949114798E-4	2.776492157039543E-4	0.39835856452248136	0.04184407853907097
102	102	0.00533522493836241	0.00633647539794696	0.007465481417050608	0.4640064728549666	0.00850995696603926	0.14419040615712794	0.0023006008651936904	0.022229818639347577	1.480534682748246E-4	9.707188944528726E-5	0.18137529407861655	8.943490860257623E-5	0.12511970552541454	1.8225393263033763E-4	0.03261374896098088
103	103	4.0350010526846374E-5	0.007032397483172512	5.5262616440165894E-5	0.38940436479140567	0.01973694256002895	0.04249717476819703	6.945299780402305E-5	1.1243812437057166E-4	0.010388181669880186	0.0013653741846323833	0.043061429955198016	0.02337877961878506	3.166000667505302E-5	0.05443083312231159	0.40839535809057204
104	104	0.015155571152451535	1.5303675063690382E-4	0.015239002025708086	0.47098382381502246	0.013377494344626454	0.0026122251160438574	0.03957936084702964	0.23577382447273348	2.6520533808866337E-4	1.7388301374646239E-4	1.7035271723315896E-4	0.20357909314176198	1.771267892118468E-4	3.2646797393152407E-4	0.002433532501773908
105	105	1.5836151921562726E-4	1.0735653721332123E-4	0.005453587008010091	0.4901183102358974	0.0106935966418551	0.07907379354917063	0.004200105427452258	0.28584132895479514	1.8604372236861452E-4	0.009286201942676575	1.1950382996841981E-4	1.1238374554815756E-4	1.242558970858874E-4	2.2901996446261148E-4	0.11429615102428012
106	106	0.0015359019981863971	0.0097034996479271	0.03174074463824661	0.4211498102659666	0.0016006218335818541	0.014249333349568408	0.035909521418166	0.48275926159649735	1.9471067077695927E-4	1.2766288373868966E-4	1.2507098115067665E-4	1.1761920370929111E-4	1.300444259100003E-4	2.396889845789992E-4	4.165081019950273E-4
107	107	0.02657172166358999	6.783629069587547E-5	0.0034460045304508693	0.5181595306807366	0.02082012157721807	0.020184418791670072	0.297151134106514	0.005242274373640941	0.0166623422958862	7.707677154990185E-5	0.001729990430406961	0.014134080348796648	0.04226771705263075	0.002626430587377002	0.030859320498836003
108	108	7.77976328891878E-5	0.006484270104985096	0.009753844406296144	0.41828868425876997	1.0817704708388305E-4	0.01633591445225371	0.026503181115560354	0.009220929822350706	9.139695859108154E-5	5.992480664836674E-5	5.870817063882774E-5	0.010988810442141535	0.01806932526187926	1.125097258968381E-4	0.48384652579401494
109	109	0.011962998041435857	0.4685668975361172	2.4404640522140834E-4	0.49403684177158114	0.0017208735873840287	0.0050081528017360145	0.007672217540886961	0.006388944125619781	2.09338922843552E-4	1.3725395974611033E-4	1.3446733231719252E-4	0.0030726575940129	1.3981442276983307E-4	2.5769637405599215E-4	4.477995842720343E-4
110	110	0.02287777168501986	3.663473439470853E-4	7.401197652346137E-4	0.5154215840029374	0.009686369583098818	0.408325996137455	9.301683441863356E-4	0.019375756926478065	6.348623504159906E-4	4.1625021426827E-4	4.0779920661414846E-4	3.835023721246095E-4	4.2401533291564506E-4	0.01865141451016714	0.0013580422251370339
111	111	3.063591502517642E-4	2.0768718106235122E-4	0.3296667838976508	0.3555161194382239	0.0029586609579629044	0.1327112771835717	0.028386703279045133	0.08949716814970249	3.599119090093917E-4	2.3597778186830082E-4	2.3118679324556258E-4	0.010348095676527782	2.4037993089199064E-4	4.430518351362924E-4	0.0488906368358496
112	112	0.018229982230106835	4.513508294164755E-5	0.005044840461601515	0.40970695204746005	9.257722285361778E-5	0.001320828936712637	1.1459950797571284E-4	0.011193649585186217	0.06502614465112924	0.2697503051546552	0.08040954247552913	4.7248633462627146E-5	5.2239950789549596E-5	0.015507657780989365	0.12345829627860662
113	113	0.018317903994357815	7.855918578423005E-5	0.01931873314465091	0.4956429811993205	1.6113388467565206E-4	0.09905706268264945	1.9946443987894333E-4	0.13061106821033316	0.20131637603234975	0.0010472614384837166	8.744808489641948E-5	8.223789416849632E-5	9.092545603031205E-5	0.008789597722767816	0.02519924662965276
114	114	7.004868566668741E-5	4.7487447498406354E-5	0.035999666794677206	0.41426650892175604	0.03600113162255039	0.001968760727999235	0.010544235624544696	0.007723396890504467	0.08752524740152022	0.2728064812534844	5.286060820132011E-5	4.9711152715255215E-5	5.496260910044789E-5	0.004154950190226011	0.12873455006955523
115	115	0.006966508687725215	1.2660993260910548E-5	0.010987714271726652	0.4692677250538867	0.004194668628438591	0.006083172400747443	0.004046449896286961	0.027534579911037752	0.4366546125257295	4.7757447171025325E-4	1.4093572922128673E-5	1.3253872395248521E-5	1.4654003533169155E-5	0.033376605109400256	3.557266011992765E-4
116	116	2.788190343303523E-4	0.0024940138302917874	0.0026868619731147893	0.42958689059354455	0.1963124120679797	0.03319134107076807	0.005089914332000448	0.09528181184012002	0.0049375509974693985	0.007129754573878882	2.1040428656916662E-4	1.9786831777926752E-4	2.1877100830389082E-4	4.0322374810569287E-4	0.22198036232574397
117	117	0.001940780599827612	7.503680398656579E-5	1.5159444354676243E-4	0.6637494522303027	0.009304378507974276	0.05618363981174306	1.9052099290584696E-4	0.20070371681635016	1.3003517709001298E-4	0.05864826248242482	8.35271488606799E-5	7.855056901860277E-5	8.68486040610827E-5	0.00839549589090179	2.7815992100602204E-4
118	118	0.010642874771049592	6.651570502834465E-5	0.42922489716674744	0.4991499051921555	0.008247783266719206	0.009246726250824344	1.688856333500225E-4	0.0027068161538579155	1.1526852188662518E-4	0.0016978466871792333	0.0016963122834457234	0.005747576808667404	7.698616975857234E-5	1.4189563856300327E-4	0.031069709750767036
119	119	1.3938383213866324E-4	9.449117207290013E-5	1.9089747816334544E-4	0.38644448431197553	0.16727528113639023	0.053465764685676605	0.06822478985603365	0.23430245928289078	1.6374866253821647E-4	0.0012596485032427918	1.0518276067789743E-4	9.891593110615252E-5	1.0936535079633956E-4	0.029008724543198992	0.059116862493097895
120	120	1.808547042838139E-4	1.2260513088544235E-4	0.3291753379090964	0.5029184389553513	0.06753213135046508	0.055917303032972016	3.112985899003354E-4	0.0259211003003981	2.124688027715981E-4	0.004624683024858555	1.364777878917252E-4	1.2834638849191918E-4	1.4190482406517983E-4	0.012222554447857456	4.5449475071104324E-4
121	121	0.23870531313256194	1.657166176835957E-4	3.347919568735088E-4	0.5645702895190639	0.0023607585423335467	0.039204047292152884	4.207601185643497E-4	0.10374476666502105	0.00837059808160902	1.8829009888651738E-4	1.8446729949244976E-4	1.7347666642645408E-4	0.012316931351982632	0.02864548449341698	6.143081639312209E-4
122	122	7.520691298405378E-4	5.098431609182766E-4	0.5854613614943639	0.3131807334133506	0.0010457466975245418	0.014920003603328168	0.0012945090953206946	0.039399821388236396	0.013318243107500252	5.792926534936138E-4	5.675314423738624E-4	5.337176994844257E-4	5.900993174465398E-4	0.019739694769044226	0.008107333027773913
123	123	0.05287426790444635	8.481570871564817E-5	0.01672010538021943	0.4606470287402428	1.7396672954844188E-4	0.06453987012449855	0.012626916161311435	0.35407826874535436	1.4698154927852267E-4	0.010439340912250622	0.025951842105297968	8.87873926843022E-5	0.001132464022752575	1.809343995264285E-4	3.1441012387252426E-4
124	124	8.077031882975773E-4	5.9086942722410575E-5	0.027500047212842285	0.46862172325891016	0.018855340658276622	0.0557699223083776	1.5002375364041385E-4	0.10183959285066901	1.023948336337953E-4	0.01952182628301839	0.036813521623771966	6.18538200700272E-5	6.838802055851482E-5	0.008052033207310648	0.2617765420379005
