0	0	0.012586473050210125	1.9980325450747642E-5	2.918838321342287E-5	0.004267235979064513	1.8743621195640476E-5	0.007677455772784352	0.24151678117086026	1.3399251224333052E-5	0.0033475180884669845	0.014194264320328004	0.2205374513339452	0.04553669380330231	0.2880619074196342	1.2454142663046554E-5	0.16218045333765693
1	1	3.499683543330839E-4	0.27754202542391426	8.107194903549226E-4	0.31522521329503306	5.206118787746786E-4	4.8634976077768473E-4	0.2492119250148204	0.012415085586171189	0.016706907846932528	0.00486398726500969	0.12011880376100617	2.944604826629479E-4	5.289527548548364E-4	3.459189951963278E-4	5.790700901582984E-4
2	2	2.9117276974640274E-5	0.0010481401778778077	0.007081224114371329	0.009527198343856099	0.00839304389511644	4.046417487689736E-5	0.1994185711830338	3.096442977314721E-5	5.4053772025153535E-5	0.0351395556308341	0.2027056016551626	2.449903634322056E-5	0.06283397172175915	2.878037133704511E-5	0.47364481421665855
3	3	7.30086586382204E-5	1.1577338368511946E-4	1.6912827057026034E-4	0.008814497154144623	1.0860746256013679E-4	1.0145986979612302E-4	0.12568446148617174	7.764020946065071E-5	0.3903846308833188	1.772564348185461E-4	0.3985587960142196	6.142888234038386E-5	1.103474946714412E-4	0.07544216107153928	1.2080272406496867E-4
4	4	9.495636576255448E-5	1.5057693117262192E-4	0.0045767519099851476	0.055032099071428676	1.4125680613455893E-4	1.3196051929021785E-4	0.11118608811063117	0.4379574365450545	0.012157425308660897	0.005676518710549575	0.33647709801324077	7.989550183085785E-5	0.03608696036564942	9.385765948659277E-5	1.571181811224373E-4
5	5	1.3598356852320012E-4	2.15635763581424E-4	0.2670402834606822	0.2347891641655063	0.11094786894473309	0.020466335628994924	0.07811612643234227	1.4461014543035243E-4	0.0018122389446050768	0.005009542820416663	0.27908305469009026	1.1441545135667213E-4	2.0552967802591515E-4	1.3441015110179512E-4	0.001784800154609828
6	6	0.01052946620731905	2.391348798311475E-4	0.021106669077960754	0.13929113099401452	0.014062551626563205	0.019237119816583013	0.08316935242531556	0.33400738478456965	0.005469284005227371	3.6613075380882097E-4	0.3717683831437676	1.2688398601687836E-4	2.2792747381119314E-4	1.4905762753810215E-4	2.495231976731504E-4
7	7	5.0129289654218526E-5	7.9492454638279E-5	0.26404436375704315	0.028477495247453345	0.03169996002244318	0.0017946856481291032	0.12079803344278214	6.283164620898808E-4	0.09094417496463833	0.010471834948069386	0.40878555873011035	4.2178370256537454E-5	0.0058258374409663385	0.0011995633648082522	0.03515837585691745
8	8	0.043354662183594614	0.021805225612802893	0.0016240275887261756	0.11961137960698097	1.7522978560618205E-4	0.02313328399458611	0.18386607973583674	1.2526650505876395E-4	0.29206753559185133	2.8598962114018193E-4	0.30120246578144316	0.005503719317081935	0.005582645734741098	1.1643090339779359E-4	0.0015460580371519917
9	9	4.0528411582984615E-4	0.03318430427282268	9.388612649296821E-4	0.7369537891007225	6.028994403845286E-4	5.632218751791513E-4	0.056162011099165896	4.309946824256691E-4	7.523758221471901E-4	0.04747201861948988	0.08331905692545048	0.03753143187688792	6.125586696992332E-4	4.0059471772542287E-4	6.705975171399356E-4
10	10	6.0960596461189324E-5	0.07002140296561823	8.404656696419944E-4	0.003863671168399264	9.068480124542675E-5	0.00148321141681959	0.16647747987338604	0.056703863010028346	8.124155601525751E-4	0.017629188852264544	0.49361456727993497	5.129174233936176E-5	0.1881896742488449	6.025524311936323E-5	1.0086757174417885E-4
11	11	1.318697674236457E-4	0.0047469411924922185	3.0548302243684795E-4	0.33054373185473424	1.9616907220892132E-4	1.832589405476885E-4	0.149870814098399	1.4023537146509488E-4	0.0017574147430935551	0.045698453118366344	0.3296319558663915	0.027337927434407768	0.051628039301562276	0.022819488367093244	0.0350082178493776
12	12	0.002623166944039471	0.017417423422666136	0.040563242543429925	0.0683684286671214	0.002008645701676325	0.04628761480175817	0.10017331864798056	0.0026267164881577424	0.15927115874531833	1.358464064755267E-4	0.30288166974692105	4.707808169724044E-5	0.0013681756553509707	0.24073164705593236	0.01549586709147482
13	13	0.011609469802796871	0.01925293739063726	0.0017524064449425424	0.001278703534430062	6.017585487882736E-4	0.00681560060077751	0.14497460930439696	3.0875309243000174E-4	4.572983940122373E-5	0.0017551489190108824	0.29835833144748614	0.026863639949740465	0.004275586451754545	2.4348379582801505E-5	0.4820829762938245
14	14	0.03238526448440632	0.4309188858234956	4.997601011908467E-4	0.3031989857762851	3.2092610121373333E-4	0.010198122450567362	0.0694885603198754	2.2942042040460748E-4	4.004930558488725E-4	5.237781566792791E-4	0.15075801779704548	1.8151728478603098E-4	3.260677527016173E-4	2.1323838158555887E-4	3.569620939141478E-4
15	15	0.0013171944756013919	6.980322655005284E-6	2.6265735674839375E-4	0.010023952418190334	0.004348862139343277	6.117318205348375E-6	0.4689234939309921	4.681159829547194E-6	8.171774778138675E-6	0.035910514791306906	0.17136601821343617	0.00278076492741583	0.3050289566380241	4.350976884427012E-6	7.2835565890559355E-6
16	16	3.2156907300199525E-4	5.099277313723792E-4	0.13722134991230203	0.44456445136739203	4.7836519267700637E-4	4.468833818590711E-4	0.17366056271507657	0.004030520752634151	5.969658968291814E-4	7.807318815524516E-4	0.23209359751099565	2.705655619237024E-4	4.860292221697075E-4	0.004006400171328034	5.32079628885984E-4
17	17	1.6201231879148367E-4	0.03184901692858945	3.7530977557142565E-4	0.0790276001400087	0.00953280495594934	0.28083738454868556	0.17483621602977517	1.7229011737508504E-4	3.007622228152929E-4	3.933468517476674E-4	0.3975451915095138	1.3631582683981493E-4	2.4487031837059443E-4	1.6013773197458267E-4	0.024426740723992015
18	18	8.239254685071417E-5	0.002020818116060968	0.20338352276325034	0.10918105758807714	0.009573388127033048	1.1450062542675131E-4	0.06528718031034261	0.001977783640391103	0.058748046389364525	0.1381820292292455	0.38835568588812497	6.932440837322108E-5	0.002014694831191682	8.143921204698216E-5	0.020928136324220446
19	19	0.009315318570676303	0.37746714619186683	0.04065480200165689	9.622094139331875E-4	2.3747847910815712E-4	0.08994750965180588	0.12649662710934045	1.6976622439866774E-4	2.9635633074614657E-4	3.8758467936339476E-4	0.3276317601879619	1.3431892438727018E-4	2.4128319169098843E-4	1.5779186035322818E-4	0.025900047182710707
20	20	1.4150140485377733E-4	2.2438566523044813E-4	0.01331250831651254	0.018706867333166857	2.10497067286456E-4	1.9664399237321318E-4	0.16730958673770768	0.006642834582420449	0.001885774578335138	0.398000387947737	0.20276065803333093	0.042319375740771305	2.1386950273223428E-4	1.3986414251415698E-4	0.14793524495502783
21	21	0.005212514774703093	0.012929636913931399	0.006634226746018583	0.010872812532974428	1.6539682932516906E-4	1.5451185740327362E-4	0.11360786307838185	0.02562489162160785	2.0640353450103468E-4	2.699414165968348E-4	0.4080078717890212	9.354921041878325E-5	0.0014433794206567744	0.4145930314470588	1.8396882740102526E-4
22	22	0.0012932715540171327	0.0034092476245064806	0.023543941685821284	0.0354091361316261	5.432896206539566E-5	4.696702598577932E-4	0.12151977436537846	3.8838141460136455E-5	0.06583772917778465	8.86693961547235E-5	0.3585603546471605	0.017206315652218807	5.51993823508828E-5	0.3724530935936778	6.042942591986357E-5
23	23	5.914101185111812E-5	9.378278116975676E-5	1.3700316155265677E-4	0.0030699703995651587	0.03197164235864273	8.21880510332257E-5	0.09027890773475547	0.4043748920164211	1.0979030679007155E-4	0.06594604366452048	0.40358117670631694	4.976075887787515E-5	8.938751391726667E-5	5.845671227451012E-5	9.785682231166943E-5
24	24	7.960878383152534E-5	0.014736655874404214	0.01022907903749948	0.010524495917408191	0.2905004507640246	0.001023783061925058	0.1379597330583875	0.0028241121016865482	0.07593932182188236	0.05680864412227726	0.396236945909228	0.0018932842170297655	0.001033474145430385	7.868765895785341E-5	1.3172352602726722E-4
25	25	1.182732696571802E-4	0.005614156728803937	2.739860439147567E-4	0.02377595278908629	1.7594296273555353E-4	1.6436393660158543E-4	0.09371877162618825	0.5142966046489785	0.013786076982882315	0.01928027125431073	0.32549141735220755	9.951415217454691E-5	0.001535413058751029	1.1690477179390054E-4	0.0015523504219138826
26	26	0.003952303560787987	1.7698686467763395E-4	2.585523665611609E-4	0.4129070683178061	0.028331111451092805	1.5510528995728775E-4	0.3380846001483089	1.1869133308506325E-4	2.071962670375209E-4	0.01051282522711221	0.20473796365051303	9.390850418301476E-5	1.6869211631620064E-4	1.103195074381578E-4	1.8467539512300038E-4
27	27	7.013572782639985E-4	0.019442661113108207	0.0065814448566073715	0.0364654791561215	8.36645366061575E-5	0.01040001254351482	0.04392010842651724	0.028444907966704302	0.391689746372718	0.04335931143709358	0.36895640791142353	4.732104824193505E-5	0.04201753712866802	0.0032811700477195184	0.004608870176691811
28	28	0.004001803865980081	9.088503327298549E-5	1.3276996844099575E-4	0.006919603121542325	8.525960401502253E-5	7.964856298381325E-5	0.15191609793864197	0.485890662003744	1.063979502549105E-4	0.002111395894420341	0.3293141074997382	4.822322573392734E-5	0.019151661651448392	5.665048715586061E-5	9.483319262718526E-5
29	29	0.008125069974122066	2.2080185431323278E-4	3.225597677983692E-4	0.05833723056751228	0.01617879224268329	1.9350326194398474E-4	0.059224438106583115	0.003342406073405722	0.02261880994439041	0.0019352274386408232	0.3576416402248554	1.171565579013953E-4	0.0034047850848349485	0.46810718513838484	2.3039376263011695E-4
30	30	4.6051389136474945E-5	7.302592929626537E-5	0.013840701264411705	0.04095140160980508	6.85059089534302E-5	6.399744951993042E-5	0.18967790010323207	0.014311225266365985	0.3339278442122583	0.0296927754038341	0.3628542514788406	3.8747258443600756E-5	6.960346227603972E-5	0.014307770996757419	7.619826686898957E-5
31	31	4.7793360512297716E-5	7.578825809703104E-5	0.19911196992267785	0.004125559866762108	7.10972603699519E-5	0.20400158782610373	0.10091554247362389	0.008274017614921143	0.10370094759479905	1.1603665716400942E-4	0.37767625047621717	0.0011366385815947358	7.223633049601242E-5	5.954531819781811E-4	7.908059468280901E-5
32	32	1.3514040219929864E-4	2.1429871370065386E-4	0.046816821046121046	8.145464357240352E-4	2.0103445873389234E-4	0.006388305654161709	0.083832268795583	0.03424647187339592	0.20331730169249657	0.0034283557614595513	0.6137298074748285	1.1370601817613696E-4	2.0425529094403617E-4	1.3357674075501331E-4	0.006424109641720601
33	33	0.03048045105079518	5.1333253240333324E-5	0.041291293147937176	0.020246291242339374	4.815592497972492E-5	0.01452639035521154	0.07392235225116844	0.05721740366638128	0.3424153297628845	0.0023065027359565264	0.4061932304018941	2.723721353801002E-5	4.8927445221880394E-5	0.011171538314579335	5.3563233872607236E-5
34	34	1.1700340709795618E-4	0.5074937919865838	2.7104434271781064E-4	0.11880873621881148	1.7405391898471764E-4	0.009557196509268893	0.09942296955938103	1.2442591336610993E-4	2.1720696955788358E-4	0.002968241164793257	0.25623453823460157	0.004124701684344377	1.7684248802953895E-4	1.1564960236190633E-4	1.9359800009962385E-4
35	35	0.16739960671760082	1.1229390719298574E-4	0.17074194029407613	0.0426651634965816	1.0534335209865027E-4	0.004159789027817928	0.2624308099581671	0.002512133867012564	0.014752423477996818	1.719291343769521E-4	0.33378251013322985	5.95826863906935E-5	1.0703108893591046E-4	8.822707637536447E-4	1.1717209476840262E-4
36	36	0.0060362317236104706	7.675683603238728E-4	0.08995634866164837	0.42488396441913057	0.11731605100905955	6.726708973963716E-4	0.022658265958980295	5.147484367650337E-4	8.985824978870026E-4	0.07890585754294697	0.16613645165753327	4.07268622490792E-4	0.08956663677503778	4.784409486561457E-4	8.00912488533608E-4
37	37	0.006342384614924909	0.001795223215520229	0.012700556001789624	3.005941228445676E-4	7.41882526696368E-5	0.04754917975733903	0.17680873513088063	5.30349511996096E-5	0.02469058866135582	1.2108141433058392E-4	0.39581207215515946	4.19612182888296E-5	0.007511983604024338	0.3226836181900017	0.003514798709671041
38	38	5.631405678847431E-5	8.929994092542557E-5	1.3045437638603693E-4	0.053953220064989336	0.05305161554799672	7.825944177063641E-5	0.31333770850768355	5.988652916227169E-5	1.0454230284332235E-4	0.30631669398574013	0.17629422029506625	4.7382182238284774E-5	0.09568561175565253	7.016117708686502E-4	9.317924188838185E-5
39	39	2.5891737211280916E-5	0.060924145771731955	0.03094700952748456	0.012035687005745099	0.026173695703006834	0.022904263481938858	0.18920710313708555	2.753426700174442E-5	4.806582915609518E-5	0.05173923921010474	0.40358736376301196	0.0012097477861947447	0.04577569721076001	2.5592153145050743E-5	0.15536896341642153
40	40	6.130352709102558E-5	0.2525391647767776	0.14570046462531097	0.06787487040361186	0.003607099578783526	8.519329066871026E-5	0.22085574063370111	6.519252336369068E-5	0.013474242447012268	0.020541084635104304	0.2748893780695982	5.158028133876336E-5	9.265600485195254E-5	6.059420582106539E-5	1.0143499696499844E-4
41	41	1.9719183073749983E-4	3.126966842750938E-4	0.20176457855505603	0.37213771169704524	0.002555227075721909	2.7403677652299815E-4	0.1313724579534327	0.002471586457670581	0.02524680609264256	0.00500252876282451	0.2576800300266961	1.6591557761502833E-4	2.9804169666208227E-4	1.94910194322081E-4	3.2628061877550536E-4
42	42	8.904043844525196E-5	1.411957572689448E-4	0.0012276033383424912	0.007686039555099136	1.3245629032442372E-4	0.0695746303263333	0.13694179648900123	9.46890193615814E-5	0.005271979246487782	0.006344199517641171	0.38292227629371806	0.007224274331353619	0.023625321006346393	0.35857716891296865	1.4732947730797794E-4
43	43	0.011693570728591448	0.009185642002332468	0.3464146221602246	0.10876911695457966	0.028476939681406	0.0014427242515790265	0.1506621901860131	0.009127046407178256	2.0826276472864545E-4	2.723729798093261E-4	0.3331870462588952	9.439187777038739E-5	1.695604222713922E-4	1.108873530931545E-4	1.8562597152730655E-4
44	44	1.059158542106337E-4	0.014746825119002327	2.453594625999411E-4	0.11362463439095578	0.006232088939065361	0.1945321134615111	0.29167574269451424	0.01226169264540579	1.9662386157666184E-4	0.04034904151689185	0.3169964780609814	8.911672488775448E-5	0.007449519022047344	1.0469033959862693E-4	0.0013901579067512055
45	45	1.8388236569423218E-4	2.9159121772031927E-4	0.04471957468054861	0.04751115513432391	0.0698777743038466	2.5554066091789567E-4	0.18156360805870764	1.9554756456169507E-4	0.17962498857392661	0.0025556638876706823	0.4195715396789785	0.010700812777264132	2.779253686766664E-4	0.042366137422768076	3.04258304394393E-4
46	46	4.914032841661685E-5	7.792421066631497E-5	6.774992606149058E-4	0.09724625766401895	7.310100580188705E-5	6.829013730542084E-5	0.407574121159423	0.005125226428486295	9.122488039614485E-5	0.26955031214884945	0.20062051795510677	4.134626643985358E-5	0.018675157475590218	4.8571743184857194E-5	8.130933569935264E-5
47	47	9.674777837373385E-5	0.042323671755328286	0.3031841045080769	0.01722929133275744	0.005692639350130076	0.011231885326829819	0.2098313718253992	1.0288530042732481E-4	0.00683806527378734	2.3489222499103993E-4	0.3494834149817749	8.140278160517229E-5	0.011243662806073302	9.562834430071572E-5	0.04233033641014474
48	48	2.434462081537455E-4	0.05344250031225839	5.639555215766693E-4	0.38123987559260364	3.621498522316868E-4	3.383163181237834E-4	0.13984832860425925	0.017013560296405574	0.0032443824215230934	5.910587556643054E-4	0.3432548504952394	2.0483362872058308E-4	3.679519615631553E-4	0.05050464014646182	0.00878014988521481
49	49	5.331772894696614E-5	0.315659819828823	1.235132305637727E-4	0.05291724629503521	7.931529435561612E-5	7.40954557676561E-5	0.23550780705877455	0.00250302005178694	0.010495839586327596	0.052113747742505497	0.31491640880359656	0.002491181029383418	0.012923765674391838	5.270080850204786E-5	8.822141123928669E-5
50	50	8.216100086701766E-4	0.4725159561284567	0.0019033013678306184	0.19343741497136696	0.001222224595275141	0.0011417884680766893	0.08558134468946976	8.737316142762989E-4	0.0015252497732161582	0.020843296017006012	0.21602941167293907	6.912958749506518E-4	0.0012418062151092959	8.121034519936482E-4	0.0013594651513627529
51	51	0.021531649702567268	0.2169488133242396	0.017091500654285142	0.03674236006116932	6.480864020289443E-5	0.03354197626033338	0.21692018619533202	4.6329748265931085E-5	0.017571177289463367	1.0577310469289445E-4	0.41073357026005236	0.028520860054050568	6.584695849507044E-5	4.306190583240292E-5	7.208584101779452E-5
52	52	0.019152379464956314	6.930860393470725E-4	6.546206345174474E-5	0.07634267157837221	4.20371389210837E-5	0.13779776968600074	0.45349480735100894	3.005108667511899E-5	0.018528305130328635	3.927457607207005E-4	0.2822988289120016	2.3776399888541592E-5	0.0071737388151182566	0.003917583188643868	4.67573845651038E-5
53	53	0.39975575084080955	1.725894740506404E-5	0.0016481620202780105	0.016919304034024408	1.6190685842101623E-5	1.5125156584336778E-5	0.3333389001877588	1.1574234499736376E-5	2.020482978688576E-5	2.64245493080087E-5	0.22121080553209083	0.005876743020626642	0.012500674536797655	1.0757852454732746E-5	0.008632123571733302
54	54	7.387478297795192E-5	1.1714683920906829E-4	0.25946919301332233	0.045356375114249343	1.0989590654136299E-4	0.0450137651244038	0.05599563604997396	0.013636629688299255	0.07724865638784865	1.7935928282909706E-4	0.39396585047673843	6.21576322058095E-5	0.07722317065724572	7.302000418517304E-5	0.03147526903997002
55	55	0.005340134358483211	0.07980888989531401	0.005538673531453235	0.1150742490327806	2.243333630009672E-4	2.0956970418493744E-4	0.09354801612298724	0.32362872108689794	2.7995215639153214E-4	0.0038256853196993804	0.3267941737871903	1.2688398601687836E-4	0.03655325041566207	0.0018788349104833818	0.007168632329454269
56	56	5.6496526247504946E-5	0.0454525514384398	0.055862516285107175	0.028206347258204662	0.006564467227557084	0.06293861770807337	0.09531468604237954	6.0080574187663976E-5	1.0488104202379535E-4	0.004673463134455549	0.3174906335246067	4.753571053394968E-5	0.0013814751911646582	0.3817527671746714	9.348116234714266E-5
57	57	6.024445824122157E-5	0.09407600671740347	0.3021209358401552	0.03076856548997038	0.009764080050183935	0.00422991889536883	0.12651496641379206	6.406626890475741E-5	1.1183876206508161E-4	1.4626645776811122E-4	0.37655950429386204	0.04082163018005176	0.0021641539905948456	0.002823678983655551	0.009774143197982733
58	58	1.6794215900568394E-4	2.663140560877769E-4	0.011947310357124024	0.02412878364029439	2.498302542012427E-4	0.2757053426355383	0.0329043737044816	1.7859613702927548E-4	0.10240976741704443	4.077438062324951E-4	0.49493003407310143	1.4130514541667603E-4	0.00988571936248692	0.0463990541806646	2.778830712911897E-4
59	59	8.430474461729538E-5	0.003034733986151079	1.952962282000663E-4	0.10784690956750669	0.0010924274360264773	0.003018205848865782	0.13546052261100527	8.965290080246604E-5	1.5650465701689718E-4	2.0468200276352926E-4	0.31517243758162544	0.0020049652151757054	0.43044951835627576	8.332928445450871E-5	0.0011065095795130548
60	60	1.0502270537826414E-4	0.47841692471546854	2.4329043790892408E-4	0.14639698604513363	1.5623146288518263E-4	0.0013506105948227548	0.1759780236687296	0.007339650693250053	1.9496580600328236E-4	2.549827743390988E-4	0.18181066401838675	8.836523683744043E-5	0.007386700010995188	1.0380752507317415E-4	1.737743047880792E-4
61	61	9.474996335861963E-5	0.006671215409611254	0.030650666752229702	0.16033475838236286	1.4094976253485717E-4	0.24575471809188593	0.1565911683507819	1.0076074726979154E-4	1.7589532576274674E-4	0.029574387778643976	0.3629164035524257	7.972183655303217E-5	0.001230035590279077	0.005527791795938959	1.5677666036155815E-4
62	62	1.4150140485377733E-4	0.009962920502346382	0.0051970626189159295	0.15180017677375127	2.10497067286456E-4	0.009935178829489145	0.13809398222635988	1.5047802434316028E-4	2.626854388158159E-4	3.435487655030784E-4	0.20438374717285024	1.1905811326892752E-4	2.1386950273223428E-4	0.47245880374263693	0.006726489816846785
63	63	0.08612669774969874	2.5835114750841204E-4	3.774138872608253E-4	0.042095099929161627	0.10489391499269995	0.007701521245211835	0.28420551642998215	0.002042033797018759	3.0244839607787837E-4	0.013476996432057617	0.3250228517986231	0.046856524154369056	0.003983798670634254	1.6103551747257203E-4	0.08249579585222314
64	64	6.481281236919287E-5	1.0277683132507316E-4	0.0841581973061825	0.043509832048485006	0.03206408234260883	0.2238637391071521	0.21342577980694818	6.892443200488646E-5	8.637536428880652E-4	0.011308869627152749	0.3166454570579664	0.07068077400372676	9.796004475291862E-5	6.406288640961236E-5	0.003080978050027744
65	65	1.3410103510855546E-4	0.004827260561305147	0.06491519218377735	0.03311055190361939	0.043269181843538895	0.3078270278979602	0.046270633235184995	1.4260818715093856E-4	0.055624267546845345	3.255815383022989E-4	0.43826903043772397	1.1283150329096272E-4	2.026843600894401E-4	1.3254939981055804E-4	0.004836498366291992
66	66	1.1439346856956522E-4	0.00149354736957274	2.6499828738910233E-4	0.2801770368828178	0.004106615617369438	1.5897219101240954E-4	0.14313037210901935	0.0329253523641175	2.1236183852670296E-4	0.22596720336670645	0.28463468810421505	9.624971958585632E-5	0.02641585931564079	1.1306986250232486E-4	1.8927950295486614E-4
67	67	0.0050683535506346996	0.011719158311928496	0.018390724228411717	0.020563592275731884	0.0363312400244745	1.989038632752466E-4	0.04281820736616786	0.003435691336446291	0.4501030108268764	0.005272722878742316	0.3988163782216893	0.0017621683469295926	0.005141553316730717	1.4147148836841383E-4	2.3682396359249054E-4
68	68	8.118683523524646E-4	1.0323733225425117E-4	8.975800418385958E-4	0.00487299450842039	9.684734384292792E-5	9.047369918032129E-5	0.11804935030396523	0.006043354376501643	0.389932261860506	1.5806294048843905E-4	0.4442675245019049	5.477730488926382E-5	9.839896363229484E-5	0.034415546379319935	1.0772209090332355E-4
69	69	0.0058853989571541546	0.023388423737844857	0.0016024619858887959	0.14374802579114096	9.438054042991116E-5	0.33266729104231696	0.14924648925554962	6.746981059363484E-5	1.1778023322655709E-4	1.5403691163109917E-4	0.32451767163817485	0.01679149979699804	9.589263883603475E-5	6.271086589196203E-5	0.0015604667943225185
70	70	8.752083839015594E-5	0.019213001789870194	0.010241807386859949	0.005547054319546592	1.3019573782053448E-4	1.2162739369743876E-4	0.05128048694154868	0.03322197403415403	0.4860530232960651	0.012259363396777464	0.370363733648498	7.363931051578197E-5	1.322816420413173E-4	0.011129475171221849	1.4481509299289923E-4
71	71	0.021172784260954335	0.007416750676848886	0.009091692891737365	0.003672946899452034	1.0525785370283648E-4	0.08856452204807853	0.06174855751309996	7.524567480196603E-5	0.3613006676402073	1.7178959386594656E-4	0.36272979839944974	5.9534328103215525E-5	0.05529686175719836	0.017113883385494355	0.011479707077005128
72	72	0.3141294675465317	0.018883346141196255	8.066238925878704E-4	0.01780102624875802	8.703333166517309E-5	8.130555940188546E-5	0.0758877048181708	0.018852787861668396	1.0861143679952576E-4	0.06523795008008432	0.41870939857267775	4.9226454283389605E-5	0.023576640655416276	0.008110930613599387	0.037677946787159224
73	73	0.0021174034302510196	4.130312080425278E-5	6.0337921968118775E-5	1.5699258877670385E-4	3.87466186404748E-5	3.619665527242988E-5	0.23216481305182626	2.7698792663282232E-5	4.835303717724094E-5	0.027848409044625808	0.2643841774137306	0.007491047344979487	0.006014673052462464	2.574507408266276E-5	0.45954410285273917
74	74	8.046576687894394E-4	0.03710895426548456	0.05713969154657239	0.039615950373180636	0.18586928908767508	8.967014868635845E-5	0.34792227931767	6.861835265870404E-5	1.1978521221055209E-4	0.026061302781496352	0.2619497464224446	5.4290795209649706E-5	0.0430252202844964	6.377839619596182E-5	1.0676534722930226E-4
75	75	0.004059607115174884	0.0020773189769902516	1.013787886495046E-4	0.003275659601841944	0.0025750041213147587	6.0817027583773384E-5	0.19982889425349773	0.0035604028197918592	8.124198143819473E-5	0.3083223009360325	0.25446532330228483	0.04672101165056355	0.026169132388605847	4.3256451980086015E-5	0.14865865058425026
76	76	0.012583209296823522	0.005831566161500361	2.2920839944439163E-4	0.1731062250374157	0.23280849962606928	1.3750187526540572E-4	0.08975160900443216	0.003510020333821812	0.0160727460218516	2.4022396479895334E-4	0.43572661427855	8.325051603391183E-5	1.4954668755885118E-4	9.779898000435566E-5	0.029671979816429717
77	77	0.00470814126030589	0.003615036436335254	0.06704451911914183	0.12040591499994775	1.493926962564735E-4	1.3956097632131684E-4	0.3168737177042155	1.0679634673189775E-4	1.8643150936922654E-4	0.00485153708224305	0.24066408966191088	8.449719885288936E-5	0.23860107597846683	0.002403121399815908	1.6616763008526838E-4
78	78	7.157019323512878E-5	0.0025763259089629795	1.657959923112447E-4	0.10222850369381528	0.0033902456989016996	9.946083960948295E-5	0.17492764716605966	0.4031598714279216	9.538085583588924E-4	0.026443988755468772	0.2831623916034206	6.021856943167676E-5	0.0025710069244421763	7.07420800291552E-5	1.18422588031683E-4
79	79	1.417314476271493E-4	0.3465047805289141	0.03121715707984805	0.05125183642263129	0.00833947848183619	0.001822691522707736	0.09442383375842324	1.5072266065675172E-4	2.631124938470509E-4	0.005221290804460036	0.4583295626733603	1.1925166935833258E-4	0.0018399450370585185	1.4009152354456088E-4	2.3451389572671673E-4
80	80	3.720710397224361E-5	0.04103020459991815	0.035082428457844525	0.025404481230062205	5.534917675533209E-5	0.2650841791160772	0.2680545085252965	3.956746226696074E-5	4.95855224029999E-4	9.439012108484605E-4	0.34224726692766144	3.1305749958551674E-5	0.006884769856217308	0.011133144204106079	0.0034758311549850747
81	81	8.682353696904324E-5	0.11865069766362948	0.33781384444402063	0.030400552207905714	1.2915843430887975E-4	1.2065835642549923E-4	0.08871641482034431	9.233148125340467E-5	1.6118058284878936E-4	2.1079733429607323E-4	0.4231837805655431	7.305260685963658E-5	1.3122771958491513E-4	8.581893275738226E-5	1.4366131325312616E-4
82	82	1.9944746700395493E-4	0.45558018113905746	0.0027497885297201726	0.08584920959124016	0.059778414024869234	2.7717142611348027E-4	0.12829968346910053	2.1210009063879354E-4	3.702574221420409E-4	4.842349879333765E-4	0.26520309486109234	1.6781345133849154E-4	3.0145093353255755E-4	1.9713973142496412E-4	3.3001287479239463E-4
83	83	1.629206138479524E-4	0.1292040168512846	0.009721302706375041	0.370999986361982	2.4236021862073884E-4	2.2641018992046235E-4	0.3253186272340847	1.73256033195916E-4	3.0244839607787837E-4	3.9555208529771466E-4	0.16243918634603577	1.3708005879798103E-4	2.46243142988568E-4	1.6103551747257203E-4	2.695742440180413E-4
84	84	1.8825003195894745E-4	2.985172387115982E-4	4.36090772435387E-4	0.13501239860329095	2.8004018535991417E-4	2.616103909854872E-4	0.08654755316883815	0.00883746577449806	0.4214165517952688	0.011253640765366349	0.29781899317089594	1.583920219803337E-4	0.0024438451580637366	0.03473516572195871	3.1148520038763147E-4
85	85	0.08417622152930422	2.832277657968782E-4	0.1192396470332515	0.17521793822889806	2.6569707121490443E-4	2.4821121509720207E-4	0.1804534248941717	0.0042873833985726875	0.014672627065051338	4.336397746076206E-4	0.41368350867220366	1.5027949038775884E-4	2.699538821641289E-4	1.765416189073271E-4	0.0064416983603709935
86	86	9.323008782746526E-5	1.4783948822470267E-4	0.0012853661667595144	0.03585193543719559	0.02259596126969624	1.2956151706509844E-4	0.17867536400736123	0.2973906561919021	0.011936407003155014	0.04621029055218987	0.35709489458227267	7.844302583500545E-5	0.04826363749458314	9.215135569842993E-5	1.542618202339925E-4
87	87	7.804099315321252E-5	1.2375340147346235E-4	1.8078592939219752E-4	0.02105924227138551	0.0054870998032485845	0.0010036209960844662	0.09496024998636902	0.01798634597008493	0.4718982592514216	0.0019798097693409862	0.36515921805006907	6.566304703515984E-5	0.0019082889355480565	0.017980492191601232	1.291294037925012E-4
88	88	7.633272831474792E-5	1.210445227696448E-4	0.25234187862886076	0.024100561986415962	0.022002879594052144	0.06314734181290614	0.12352669215568111	0.002707894423367183	1.4170528026975096E-4	1.8532688496706107E-4	0.3869356134931574	6.422572711002258E-5	1.1537159411060138E-4	7.54495095122254E-5	0.12445768165850524
89	89	1.8703840556580842E-4	0.0024420163330567523	4.332839782787606E-4	0.0762170719378813	2.7823777355583215E-4	0.0581862781890493	0.03450042019979855	0.23404973061135667	0.18485337796400242	4.5410724649835366E-4	0.40746401463756227	1.5737256954095305E-4	2.8269550278688685E-4	1.8487425081545818E-4	3.0948040025062984E-4
90	90	7.306985057634437E-5	0.010173626186104992	1.6927002480682335E-4	0.04821476174803527	1.0869849150454889E-4	0.005130422791704548	0.20373741065152143	0.02354580207388122	0.373110757729792	0.0010155513155947699	0.329326702542244	6.148036873168744E-5	1.1043998201735355E-4	0.005101102269062135	1.2090397442285869E-4
91	91	3.656724598146905E-5	0.0013163181344498659	0.004698592684442034	0.03545369256911969	5.4397325919101665E-5	5.08173699569984E-5	0.16823095843226266	0.0017166625761814366	6.788401194217303E-5	0.2899245095589986	0.28393108603321293	0.047427927046412965	0.02018857560297556	3.614413940686677E-5	0.14686586726873763
92	92	0.03440822959167362	0.0394756607947257	0.07972634750565227	0.002952386263138579	1.0860746256013679E-4	0.05118556906284879	0.08548712966213032	0.005102306687465831	0.34265029934226965	1.772564348185461E-4	0.33910024269115835	6.142888234038386E-5	0.016021791341687845	7.216390146158262E-5	0.003470580376068422
93	93	0.020145418557749477	1.3864686506294847E-4	2.0254313868774552E-4	0.21013294322102838	0.007150360087490137	1.215054136725163E-4	0.2307480279491936	9.297967548247E-5	1.6231211807622966E-4	0.3341777356679304	0.08516890211463354	7.356545770467648E-5	0.11145396846827132	8.642140697530596E-5	1.4466985804117145E-4
94	94	2.2649475953006353E-5	3.591637647759157E-5	5.24686628778753E-5	0.009749131625636736	0.02419512842482748	3.1475895106219945E-5	0.16603347484097394	0.005479894254992047	0.02420348197627951	0.31857025340174455	0.37305325675984774	0.015607079747818218	0.0023724365028197224	2.238740693660108E-5	0.0605709646477088
95	95	8.708528818690413E-4	0.0013809538033771782	0.00201737498782827	0.3049220225859301	0.0012954781463888647	0.27091595382713407	0.24054714714843797	9.260983754374557E-4	0.0016166650193627414	0.002114328354620013	0.14906423992683418	7.327284217232881E-4	0.011305334594607775	8.607765534516139E-4	0.011430045372997405
96	96	0.0010848921507465047	0.004129536418457348	0.1698437390238231	0.0015222607131781484	0.1857379479916719	1.2089916524682856E-4	0.1826956354370727	9.251575556171545E-5	1.615022655513128E-4	2.1121804164793033E-4	0.40506835549281267	0.0010710937367433464	1.314896226425661E-4	0.026031268845878468	0.022097645338965473
97	97	0.03329701406980988	0.011339975239326072	0.3072150957025215	0.22185709758596775	0.00470016852048527	2.673840641927023E-4	0.17232264563274238	2.046105006055779E-4	3.571830463119914E-4	4.6713588378666297E-4	0.2448034838642355	0.0023688616532387264	2.908062237613867E-4	1.9017841536336143E-4	3.1835959765123963E-4
98	98	0.002074506919831995	0.21184406801611316	2.0073131903928387E-4	0.1784353904669944	1.289016859434462E-4	0.010059698382739348	0.28334994496888827	9.214793956666374E-5	0.0011547881668388979	2.1037829955546284E-4	0.30207726563783127	7.290738879856116E-5	0.005100606796652715	8.56483370790852E-5	0.0051130156741274555
99	99	1.2157188261680556E-4	1.9278245175359947E-4	0.08395090375725313	0.06766818446970173	1.8084996952344903E-4	0.0015634359456216074	0.13258925195944424	1.2928420555795737E-4	2.2568795953553346E-4	2.9516222991600775E-4	0.3819818843719663	1.0228957787285189E-4	0.001578235358571221	1.201652176782424E-4	0.32930031064298737
100	100	5.910091921554382E-5	9.371920432602522E-5	8.148262406942393E-4	0.360329597908854	8.791835092846876E-5	8.213233444205657E-5	0.3837553150714847	6.285018561907477E-5	1.0971587818930959E-4	0.04217427933732268	0.18705239269629695	4.9727025265460575E-5	0.02517221728021457	5.8417083536537334E-5	9.779048361044333E-5
101	101	2.548318721219934E-4	4.040993035164736E-4	5.903309911738577E-4	0.35522430975787683	3.790871319491699E-4	3.541389343080519E-4	0.149311897954946	0.0031940420744812534	0.003396117986911829	0.012310878136205189	0.24238667216690118	2.1441343234001985E-4	0.23130564307199164	2.518833033244508E-4	4.216538819519794E-4
102	102	9.080249685974291E-5	0.01680876260577666	0.009584283226736563	0.014087431551114173	1.3507752315968107E-4	0.013666315694349467	0.1229870222119234	0.34172440252749836	1.685671867203132E-4	0.03979929286428775	0.43320356506377	7.640047084620954E-5	0.006386531389916663	8.975185352086172E-5	0.001191793333520129
103	103	2.907842945316931E-5	0.001380285341318036	6.736166060362678E-5	0.11891677674951914	0.007714758981812035	0.0013745844489634644	0.21516260318249203	3.092311782795755E-5	5.39816548738429E-5	0.34762299382651224	0.23812431852329247	0.010030773302963184	0.04840776695528069	0.0020300033638271354	0.009053790461260945
104	104	0.015084952301002257	0.043159584044475646	0.32866809269677144	0.0028454493763593	2.4190814605650084E-4	2.259878688163247E-4	0.07476269202540314	0.05799698323905809	0.024550679561723153	0.02464360958538118	0.4083547269371989	1.3682436446811383E-4	2.457838276367731E-4	1.6073513921853547E-4	0.01892199088643065
105	105	0.009275089435682327	1.809244917426153E-4	0.006807872804860473	0.5006162967058803	0.01456557585967409	0.0014672697191093955	0.2697009605178895	1.2133199348879277E-4	2.1180599686315552E-4	0.0068205750680112275	0.18835358279889333	9.599779294676833E-5	0.0014811588269697943	1.1277391036277663E-4	1.8878407762549541E-4
106	106	1.1940722741759375E-4	1.8934985264003153E-4	0.428979661659657	0.07468126450696053	1.7762983491353954E-4	1.6593979361460048E-4	0.10694423520621936	1.2698222814580272E-4	0.028984493816184908	2.899067017309871E-4	0.35874458416723215	1.0046825486788065E-4	1.804756947595342E-4	1.1802560893308943E-4	1.975754467229607E-4
107	107	0.0025532685899081727	0.006730778890042868	0.007610527086746221	0.0037428146874064505	1.0726009702526075E-4	0.010851919054074758	0.137358125176545	0.05466232162976015	0.2689267999582288	0.034911376720088705	0.4473729334051564	6.066680617213198E-5	1.089785425969197E-4	0.0050335999767989895	0.01996862937944912
108	108	5.6060570781739116E-5	0.008448440044730634	0.0027020339535926206	0.023487401085857555	8.339553767791343E-5	7.790717318060608E-5	0.12158694153168104	0.03092561844760038	0.019395322655665168	0.46569829753940534	0.3240433006996435	4.716890120596462E-5	8.473164212302667E-5	5.5411913891205695E-5	0.0033079683029633633
109	109	1.2837451785347955E-4	2.035697215653623E-4	0.009132490708838457	0.03316914925476193	1.9096954938641292E-4	1.7840160481643922E-4	0.08847026117328646	0.019279245043459577	0.009073421088616909	3.1167822804438044E-4	0.41513607326563506	1.0801325897249937E-4	1.9402912872268276E-4	0.4212668755415994	0.003157447914440938
110	110	3.8900830671788426E-4	6.168694068674651E-4	0.0053632698165953325	0.2923820109780577	5.786875953549865E-4	0.09870707384776671	0.3350196746429998	4.1368636239672447E-4	7.221611535149159E-4	9.444664078174661E-4	0.26291964997166845	3.2730837613684097E-4	5.879589195770552E-4	3.845072302017406E-4	6.436669843269804E-4
111	111	0.005282541627750976	0.2281350758595843	0.04353723392403064	0.3101054094072482	3.282363222672126E-4	3.066346799249605E-4	0.19255683742731694	2.3464627763777437E-4	0.0029405621664808645	0.018252334352731957	0.1972181520850614	1.856519795702658E-4	3.3349509295734983E-4	2.1809563595215977E-4	3.650931614850194E-4
112	112	0.17835317598267264	7.60802151428105E-5	1.1114225741828024E-4	0.00138982921506934	6.216958331692213E-4	0.0105228431704963	0.1789000775063912	5.1021086639090763E-5	0.002290364885361716	0.07000771888009513	0.27346882256864513	0.11946082487613606	0.06280952889478561	4.7422343322660036E-5	0.1018894522846548
113	113	8.349731228988303E-5	1.3240575231377103E-4	0.10746190879646861	0.10106747526356268	0.0010819646651444336	0.02501764804508538	0.27303751896021583	8.879424627853842E-5	0.015479074730674221	0.007864756153934435	0.27863245902241146	7.025394888858261E-5	1.26200363009602E-4	8.253119463887445E-5	0.18977351154508368
114	114	5.04775892917362E-5	0.012239091305003644	0.011696978221357677	0.013042297811386008	0.018024159005132784	0.006439172899231127	0.12221634360724955	0.005264699749072097	9.370739256734872E-5	0.05744377302664367	0.3722536609785685	0.3161776813282898	7.629335505256216E-5	0.0029449046107757845	0.06203675912037769
115	115	1.3459755381209172E-5	0.0063513282505334966	0.02349843967402102	0.001316246365936378	2.0022691909422364E-5	0.0046504009208201335	0.20303517176567856	1.4313620419525533E-5	0.007744480147546613	3.2678702730663314E-5	0.3235892206470844	0.0015552235760940367	0.015304940107351688	0.0026379317208025865	0.4102361420536903
116	116	2.0082578962295645E-4	3.1845922976201594E-4	0.028108043386039103	0.3674778271777994	0.11547716547589855	0.0071897919339494205	0.07390068427769542	2.1356585180794352E-4	0.009587089572461419	0.18707661795532296	0.20944662641461223	1.6897316060543333E-4	3.035341720236175E-4	1.9850210596402768E-4	3.3229349643538125E-4
117	117	0.2004257204903011	1.2647049679075223E-4	0.10538925793578083	0.02335125667226834	0.0019482859916434593	1.108344571869846E-4	0.2690316622695839	8.481393174214216E-5	0.0010628791616990225	0.0011084561600682714	0.3969619182719056	6.710472666169096E-5	1.2054327192050276E-4	7.883162932360853E-5	1.319645331238293E-4
118	118	7.069958665813568E-5	0.40802411017705975	0.0017856956825381936	0.06773566983103371	1.0517249397828112E-4	0.02199412363838657	0.10386831087168684	7.518465370141033E-5	1.3124782728892752E-4	0.0017935667743150037	0.3891972618394001	0.004114277284841357	9.178157407658295E-4	6.988154693067357E-5	1.1698205141518657E-4
119	119	1.0042551503302963E-4	0.0047669653726534695	0.12233710806241614	0.3323608392824993	1.493926962564735E-4	1.3956097632131684E-4	0.16712295598284754	1.0679634673189775E-4	0.058934807261598186	0.015218897509106984	0.29134896285991235	8.449719885288936E-5	0.007063359778505625	9.926352717947817E-5	1.6616763008526838E-4
120	120	1.3029310656419285E-4	0.3245184437728664	0.019730650015086535	0.10390752512170123	0.030084315032701727	0.0016755924304573237	0.10772676580139597	1.385586897993911E-4	2.418781771662192E-4	0.003305385475389181	0.40788966275037686	1.0962754366651093E-4	1.9692894172405857E-4	1.2878553145064442E-4	2.1558760965376648E-4
121	121	0.06884781523152275	0.00431873706710633	0.004447418918130829	0.005100837954558465	2.6194056689499986E-4	0.21635868273086215	0.3132258282359437	0.014325551244786267	3.268832846247636E-4	4.275088463322449E-4	0.36340007776987343	1.4815479419802153E-4	0.008345164513403627	1.740456209234731E-4	2.9135322083891877E-4
122	122	5.41125861153931E-4	0.5036229649909157	0.0012535455761667174	0.22671264244409756	8.049772150563904E-4	7.520006591006045E-4	0.10602107095673191	5.75454007623311E-4	0.0010045545797845278	0.0013137899356782294	0.15469447016335383	4.552988299768873E-4	8.17873991852837E-4	5.34864686613809E-4	8.953661018937776E-4
123	123	0.011464249717266206	1.429477303145096E-4	0.26594926653118833	0.202175194039177	1.340998230682715E-4	0.03941763539046881	0.12933490044135434	9.58639315037109E-5	0.018779518012441668	2.1886209277486774E-4	0.3287350782659012	7.584747915978534E-5	0.0032382767634913903	8.910222363915452E-5	1.4915755825072947E-4
124	124	0.002224018478835574	0.0022608064714927214	0.0015863000950888562	0.2892607428030662	0.0015342375823931853	8.076844601109972E-4	0.21978168614392463	6.678933285331445E-5	1.1659234154203563E-4	0.10028870413821542	0.28378366368008673	0.06272803222852252	0.005137756760892688	6.207838526188118E-5	0.03036090709771329
